intersect_bp,f_orig_query,f_match,f_unique_to_query,f_unique_weighted,average_abund,median_abund,std_abund,filename,name,md5,f_match_orig,unique_intersect_bp,gather_result_rank,remaining_bp,query_filename,query_name,query_md5,query_bp,ksize,moltype,scaled,query_n_hashes,query_abundance,query_containment_ani,match_containment_ani,average_containment_ani,max_containment_ani,potential_false_negative,n_unique_weighted_found,sum_weighted_found,total_weighted_hashes,lineage
2560000,0.054923836086676676,0.9110320284697508,0.054923836086676676,0.13077718558587226,12.84375,11.0,14.0002441384963,/group/ctbrowngrp5/sourmash-db.new/gtdb-rs226/gtdb-rs226-k51.dna.rocksdb,GCA_022770185.1 Prevotella sp.,233597460e38494daf7d5b0c8e844464,0.9110320284697508,2560000,0,44050000,outputs.mapping/bams.cds.rand/SRR14369219.x.s__Prevotella sp000434975.fastq.gz,SRR14369219.x.s__Prevotella sp000434975,07a94e46,46610000,51,DNA,10000,4661,True,0.9446902403855788,0.9981746635477069,0.9714324519666429,0.9981746635477069,False,3288,3288,25142,d__Bacteria;p__Bacteroidota;c__Bacteroidia;o__Bacteroidales;f__Bacteroidaceae;g__Prevotella;s__Prevotella sp000434975
1930000,0.04140742329972109,0.2563380281690141,0.01952370735893585,0.05202450083525575,14.373626373626374,7.0,29.160657053921938,/group/ctbrowngrp5/sourmash-db.new/gtdb-rs226/gtdb-rs226-k51.dna.rocksdb,GCF_019052395.1 Leyella stercorea,3f0fda1097a77cdaec6e92a540d9fada,0.543661971830986,910000,1,43140000,outputs.mapping/bams.cds.rand/SRR14369219.x.s__Prevotella sp000434975.fastq.gz,SRR14369219.x.s__Prevotella sp000434975,07a94e46,46610000,51,DNA,10000,4661,True,0.9394720983528856,0.98812155167002,0.9637968250114528,0.98812155167002,False,1308,4596,25142,d__Bacteria;p__Bacteroidota;c__Bacteroidia;o__Bacteroidales;f__Bacteroidaceae;g__Prevotella;s__Prevotella sp000434975
2550000,0.0547092898519631,0.27017543859649124,0.01652006007294572,0.01726195211200382,5.636363636363637,4.0,4.506587071898174,/group/ctbrowngrp5/sourmash-db.new/gtdb-rs226/gtdb-rs226-k51.dna.rocksdb,GCA_022785385.1 Prevotella sp.,1382327904e0cdf4335f8b100532d599,0.8947368421052632,770000,2,42370000,outputs.mapping/bams.cds.rand/SRR14369219.x.s__Prevotella sp000434975.fastq.gz,SRR14369219.x.s__Prevotella sp000434975,07a94e46,46610000,51,DNA,10000,4661,True,0.9446177446871811,0.9978214816171045,0.9712196131521428,0.9978214816171045,False,434,5030,25142,d__Bacteria;p__Bacteroidota;c__Bacteroidia;o__Bacteroidales;f__Bacteroidaceae;g__Prevotella;s__Prevotella sp000434975
800000,0.017163698777086463,0.1769436997319035,0.014160051491096332,0.1346352716569883,51.28787878787879,10.0,295.1308269303486,/group/ctbrowngrp5/sourmash-db.new/gtdb-rs226/gtdb-rs226-k51.dna.rocksdb,GCA_019409885.1 Prevotella sp.,6c154c098b819aff0d260c0c4f175361,0.21447721179624665,660000,3,41710000,outputs.mapping/bams.cds.rand/SRR14369219.x.s__Prevotella sp000434975.fastq.gz,SRR14369219.x.s__Prevotella sp000434975,07a94e46,46610000,51,DNA,10000,4661,True,0.9233886395823945,0.9702637959195862,0.9468262177509903,0.9702637959195862,False,3385,8415,25142,d__Bacteria;p__Bacteroidota;c__Bacteroidia;o__Bacteroidales;f__Bacteroidaceae;g__Prevotella;s__Prevotella sp900313215
700000,0.015018236429950654,0.20186335403726707,0.01394550525638275,0.014119799538620635,5.461538461538462,2.0,14.134602302453391,/group/ctbrowngrp5/sourmash-db.new/gtdb-rs226/gtdb-rs226-k51.dna.rocksdb,GCF_937949575.1 uncultured Prevotella sp.,e48d7d7aef89bb716cfcb62e5e548322,0.21739130434782608,650000,4,41060000,outputs.mapping/bams.cds.rand/SRR14369219.x.s__Prevotella sp000434975.fastq.gz,SRR14369219.x.s__Prevotella sp000434975,07a94e46,46610000,51,DNA,10000,4661,True,0.9209741279337907,0.9705205784629038,0.9457473531983474,0.9705205784629038,False,355,8770,25142,d__Bacteria;p__Bacteroidota;c__Bacteroidia;o__Bacteroidales;f__Bacteroidaceae;g__Prevotella;s__Prevotella sp905193385
660000,0.014160051491096332,0.1675531914893617,0.01351641278695559,0.07326386126799778,29.238095238095237,22.0,47.73561922090912,/group/ctbrowngrp5/sourmash-db.new/gtdb-rs226/gtdb-rs226-k51.dna.rocksdb,GCA_037065365.1 Prevotella sp.,605b0cec1d5e057a79649508b53f6ab4,0.17553191489361702,630000,5,40430000,outputs.mapping/bams.cds.rand/SRR14369219.x.s__Prevotella sp000434975.fastq.gz,SRR14369219.x.s__Prevotella sp000434975,07a94e46,46610000,51,DNA,10000,4661,True,0.9199121802980413,0.966459040136648,0.9431856102173446,0.966459040136648,False,1842,10612,25142,d__Bacteria;p__Bacteroidota;c__Bacteroidia;o__Bacteroidales;f__Bacteroidaceae;g__Prevotella;s__Prevotella sp900546535
510000,0.01094185797039262,0.1937984496124031,0.010727311735679038,0.012011773128629385,6.04,6.0,4.386160051799296,/group/ctbrowngrp5/sourmash-db.new/gtdb-rs226/gtdb-rs226-k51.dna.rocksdb,GCA_034093675.1 Prevotella sp.,0cb2f16609494f6ba80cc16043f69091,0.19767441860465115,500000,6,39930000,outputs.mapping/bams.cds.rand/SRR14369219.x.s__Prevotella sp000434975.fastq.gz,SRR14369219.x.s__Prevotella sp000434975,07a94e46,46610000,51,DNA,10000,4661,True,0.9152733250382934,0.9687129538439235,0.9419931394411085,0.9687129538439235,False,302,10914,25142,d__Bacteria;p__Bacteroidota;c__Bacteroidia;o__Bacteroidales;f__Bacteroidaceae;g__Prevotella;s__Prevotella sp900543975
550000,0.011800042909246944,0.1347708894878706,0.010727311735679038,0.03913769787606396,19.68,10.0,35.7728612218816,/group/ctbrowngrp5/sourmash-db.new/gtdb-rs226/gtdb-rs226-k51.dna.rocksdb,GCF_021531135.1 Segatella hominis,fbfb9fa1cd55529571913ff882c8b132,0.14824797843665768,500000,7,39430000,outputs.mapping/bams.cds.rand/SRR14369219.x.s__Prevotella sp000434975.fastq.gz,SRR14369219.x.s__Prevotella sp000434975,07a94e46,46610000,51,DNA,10000,4661,True,0.9166294276659672,0.9632629981434292,0.9399462129046983,0.9632629981434292,False,984,11898,25142,d__Bacteria;p__Bacteroidota;c__Bacteroidia;o__Bacteroidales;f__Bacteroidaceae;g__Prevotella;s__Prevotella sp945863825
2540000,0.05449474361724952,0.16901408450704225,0.010298219266251877,0.009108265054490495,4.770833333333333,3.0,4.355263019867138,/group/ctbrowngrp5/sourmash-db.new/gtdb-rs226/gtdb-rs226-k51.dna.rocksdb,GCA_022786585.1 Prevotella sp.,9a2ccd698b1bdd5d59061a1887c32055,0.8943661971830986,480000,8,38950000,outputs.mapping/bams.cds.rand/SRR14369219.x.s__Prevotella sp000434975.fastq.gz,SRR14369219.x.s__Prevotella sp000434975,07a94e46,46610000,51,DNA,10000,4661,True,0.9445449697288205,0.9978133751129011,0.9711791724208608,0.9978133751129011,False,229,12127,25142,d__Bacteria;p__Bacteroidota;c__Bacteroidia;o__Bacteroidales;f__Bacteroidaceae;g__Prevotella;s__Prevotella sp000434975
540000,0.011585496674533362,0.152317880794702,0.009869126796824716,0.016546018614270942,9.043478260869565,8.0,9.41080905300581,/group/ctbrowngrp5/sourmash-db.new/gtdb-rs226/gtdb-rs226-k51.dna.rocksdb,GCF_000833975.1 Prevotella pectinovora,3053a3b437c82ff57aec3c7b2c0264e0,0.17880794701986755,460000,9,38490000,outputs.mapping/bams.cds.rand/SRR14369219.x.s__Prevotella sp000434975.fastq.gz,SRR14369219.x.s__Prevotella sp000434975,07a94e46,46610000,51,DNA,10000,4661,True,0.9162996956043098,0.9668095195574322,0.941554607580871,0.9668095195574322,False,416,12543,25142,d__Bacteria;p__Bacteroidota;c__Bacteroidia;o__Bacteroidales;f__Bacteroidaceae;g__Prevotella;s__Prevotella pectinovora
720000,0.015447328899377817,0.12324929971988796,0.009440034327397553,0.028120276827619122,16.068181818181817,11.0,17.292139211572312,/group/ctbrowngrp5/sourmash-db.new/gtdb-rs226/gtdb-rs226-k51.dna.rocksdb,GCF_036938235.1 Segatella copri,325bb3d595b9ee96ec4edc2aed5c772c,0.20168067226890757,440000,10,38050000,outputs.mapping/bams.cds.rand/SRR14369219.x.s__Prevotella sp000434975.fastq.gz,SRR14369219.x.s__Prevotella sp000434975,07a94e46,46610000,51,DNA,10000,4661,True,0.921482987065,0.9690941373914114,0.9452885622282057,0.9690941373914114,False,707,13250,25142,d__Bacteria;p__Bacteroidota;c__Bacteroidia;o__Bacteroidales;f__Bacteroidaceae;g__Prevotella;s__Prevotella copri
2400000,0.05149109633125939,0.13523131672597866,0.00815275691911607,0.014955055285975658,9.894736842105264,5.0,26.210473472785456,/group/ctbrowngrp5/sourmash-db.new/gtdb-rs226/gtdb-rs226-k51.dna.rocksdb,GCA_945967355.1 uncultured Bacteroidales bacterium,5e90b07f6d717811dc08b0675d75991e,0.8540925266903915,380000,11,37670000,outputs.mapping/bams.cds.rand/SRR14369219.x.s__Prevotella sp000434975.fastq.gz,SRR14369219.x.s__Prevotella sp000434975,07a94e46,46610000,51,DNA,10000,4661,True,0.9434955276322586,0.9969123111388425,0.9702039193855505,0.9969123111388425,False,376,13626,25142,d__Bacteria;p__Bacteroidota;c__Bacteroidia;o__Bacteroidales;f__Bacteroidaceae;g__Prevotella;s__Prevotella sp000434975
610000,0.013087320317528427,0.1008174386920981,0.007938210684402489,0.01555166653408639,10.567567567567568,5.0,14.791415590279165,/group/ctbrowngrp5/sourmash-db.new/gtdb-rs226/gtdb-rs226-k51.dna.rocksdb,GCA_019409265.1 Prevotella sp.,936ee25b1e0de50672aa9b827fa8d3d7,0.16621253405994552,370000,12,37300000,outputs.mapping/bams.cds.rand/SRR14369219.x.s__Prevotella sp000434975.fastq.gz,SRR14369219.x.s__Prevotella sp000434975,07a94e46,46610000,51,DNA,10000,4661,True,0.9184922676758731,0.9654257927974402,0.9419590302366567,0.9654257927974402,False,391,14017,25142,d__Bacteria;p__Bacteroidota;c__Bacteroidia;o__Bacteroidales;f__Bacteroidaceae;g__Prevotella;s__Prevotella sinensis
370000,0.007938210684402489,0.13011152416356878,0.007509118214975327,0.01229019171108106,8.82857142857143,9.0,6.331263535755219,/group/ctbrowngrp5/sourmash-db.new/gtdb-rs226/gtdb-rs226-k51.dna.rocksdb,GCA_022783345.1 Prevotella sp.,2871f22a8aabb1e99b2ddfe8921137c4,0.137546468401487,350000,13,36950000,outputs.mapping/bams.cds.rand/SRR14369219.x.s__Prevotella sp000434975.fastq.gz,SRR14369219.x.s__Prevotella sp000434975,07a94e46,46610000,51,DNA,10000,4661,True,0.9095322244856591,0.9618488982140858,0.9356905613498725,0.9618488982140858,False,309,14326,25142,d__Bacteria;p__Bacteroidota;c__Bacteroidia;o__Bacteroidales;f__Bacteroidaceae;g__Prevotella;s__Prevotella sp000436915
2440000,0.05234928127011371,0.10344827586206896,0.0064363870414074235,0.008273009307135471,6.933333333333334,4.0,9.653784519842752,/group/ctbrowngrp5/sourmash-db.new/gtdb-rs226/gtdb-rs226-k51.dna.rocksdb,GCA_945830405.1 uncultured Bacteroidales bacterium,8e863c8ca825f6c151f6b856d354b387,0.8413793103448276,300000,14,36650000,outputs.mapping/bams.cds.rand/SRR14369219.x.s__Prevotella sp000434975.fastq.gz,SRR14369219.x.s__Prevotella sp000434975,07a94e46,46610000,51,DNA,10000,4661,True,0.943801367828176,0.9966192043189849,0.9702102860735804,0.9966192043189849,False,208,14534,25142,d__Bacteria;p__Bacteroidota;c__Bacteroidia;o__Bacteroidales;f__Bacteroidaceae;g__Prevotella;s__Prevotella sp000434975
300000,0.0064363870414074235,0.11764705882352941,0.006007294571980262,0.002863733990931509,2.5714285714285716,2.0,1.498298354528788,/group/ctbrowngrp5/sourmash-db.new/gtdb-rs226/gtdb-rs226-k51.dna.rocksdb,GCA_958448905.1 uncultured Prevotella sp.,acdc7c92ad13352bdfa0ccd317033593,0.12605042016806722,280000,15,36370000,outputs.mapping/bams.cds.rand/SRR14369219.x.s__Prevotella sp000434975.fastq.gz,SRR14369219.x.s__Prevotella sp000434975,07a94e46,46610000,51,DNA,10000,4661,True,0.9057997553656649,0.9602042274336633,0.9330019913996641,0.9602042274336633,False,72,14606,25142,d__Bacteria;p__Bacteroidota;c__Bacteroidia;o__Bacteroidales;f__Bacteroidaceae;g__Prevotella;s__Prevotella sp022788105
350000,0.007509118214975327,0.10606060606060606,0.006007294571980262,0.0027046376581019806,2.4285714285714284,2.0,2.0946968998021687,/group/ctbrowngrp5/sourmash-db.new/gtdb-rs226/gtdb-rs226-k51.dna.rocksdb,GCF_002251385.1 Prevotella sp. P5-108,64704f53e80135c1fb9a81d8fb322b06,0.13257575757575757,280000,16,36090000,outputs.mapping/bams.cds.rand/SRR14369219.x.s__Prevotella sp000434975.fastq.gz,SRR14369219.x.s__Prevotella sp000434975,07a94e46,46610000,51,DNA,10000,4661,True,0.9085417334147434,0.9611549658091867,0.9348483496119651,0.9611549658091867,False,68,14674,25142,d__Bacteria;p__Bacteroidota;c__Bacteroidia;o__Bacteroidales;f__Bacteroidaceae;g__Prevotella;s__Prevotella sp002251385
310000,0.006650933276121004,0.08934707903780069,0.0055782021025531005,0.012051547211836768,11.653846153846153,7.5,12.827081650501762,/group/ctbrowngrp5/sourmash-db.new/gtdb-rs226/gtdb-rs226-k51.dna.rocksdb,GCF_002251295.1 Prevotella sp. P5-50,e0b4f5e74144729f3a8f0c0fb991e304,0.10652920962199312,260000,17,35830000,outputs.mapping/bams.cds.rand/SRR14369219.x.s__Prevotella sp000434975.fastq.gz,SRR14369219.x.s__Prevotella sp000434975,07a94e46,46610000,51,DNA,10000,4661,True,0.906382315434073,0.9570414746760657,0.9317118950550694,0.9570414746760657,False,303,14977,25142,d__Bacteria;p__Bacteroidota;c__Bacteroidia;o__Bacteroidales;f__Bacteroidaceae;g__Prevotella;s__Prevotella sp002251295
380000,0.00815275691911607,0.0783132530120482,0.0055782021025531005,0.003977408320738207,3.8461538461538463,2.0,5.035965324102434,/group/ctbrowngrp5/sourmash-db.new/gtdb-rs226/gtdb-rs226-k51.dna.rocksdb,GCF_040095575.1 Hallella faecis,f700ccc7abfc04c22b47eb0be811ccdd,0.1144578313253012,260000,18,35570000,outputs.mapping/bams.cds.rand/SRR14369219.x.s__Prevotella sp000434975.fastq.gz,SRR14369219.x.s__Prevotella sp000434975,07a94e46,46610000,51,DNA,10000,4661,True,0.9100079494447633,0.958389548300554,0.9341987488726586,0.958389548300554,False,100,15077,25142,d__Bacteria;p__Bacteroidota;c__Bacteroidia;o__Bacteroidales;f__Bacteroidaceae;g__Prevotella;s__Prevotella faecis
2540000,0.05449474361724952,0.09027777777777778,0.0055782021025531005,0.0030228303237610373,2.923076923076923,2.0,2.110834266771114,/group/ctbrowngrp5/sourmash-db.new/gtdb-rs226/gtdb-rs226-k51.dna.rocksdb,GCA_034169145.1 Prevotella sp.,c3508037f8ecb057f9d3692d6c35836e,0.8819444444444444,260000,19,35310000,outputs.mapping/bams.cds.rand/SRR14369219.x.s__Prevotella sp000434975.fastq.gz,SRR14369219.x.s__Prevotella sp000434975,07a94e46,46610000,51,DNA,10000,4661,True,0.9445449697288205,0.9975397722524187,0.9710423709906196,0.9975397722524187,False,76,15153,25142,d__Bacteria;p__Bacteroidota;c__Bacteroidia;o__Bacteroidales;f__Bacteroidaceae;g__Prevotella;s__Prevotella sp000434975
240000,0.005149109633125939,0.11764705882352941,0.005149109633125939,0.0033012489062127118,3.4583333333333335,2.0,3.2142802028171444,/group/ctbrowngrp5/sourmash-db.new/gtdb-rs226/gtdb-rs226-k51.dna.rocksdb,GCA_034169405.1 Prevotella sp.,c2e67b2fff40ac53cc98ca894bbead72,0.11764705882352941,240000,20,35070000,outputs.mapping/bams.cds.rand/SRR14369219.x.s__Prevotella sp000434975.fastq.gz,SRR14369219.x.s__Prevotella sp000434975,07a94e46,46610000,51,DNA,10000,4661,True,0.9018452095471058,0.958906140034061,0.9303756747905834,0.958906140034061,False,83,15236,25142,d__Bacteria;p__Bacteroidota;c__Bacteroidia;o__Bacteroidales;f__Bacteroidaceae;g__Prevotella;s__Prevotella sp002299635
2370000,0.05084745762711865,0.07213114754098361,0.004720017163698777,0.004056956487152971,4.636363636363637,3.5,4.301642968843992,/group/ctbrowngrp5/sourmash-db.new/gtdb-rs226/gtdb-rs226-k51.dna.rocksdb,GCF_021531515.1 Leyella stercorea,45a1d63dc3a3e4968b5575bf64359375,0.7770491803278688,220000,21,34850000,outputs.mapping/bams.cds.rand/SRR14369219.x.s__Prevotella sp000434975.fastq.gz,SRR14369219.x.s__Prevotella sp000434975,07a94e46,46610000,51,DNA,10000,4661,True,0.9432628499598235,0.9950661013630436,0.9691644756614335,0.9950661013630436,False,102,15338,25142,d__Bacteria;p__Bacteroidota;c__Bacteroidia;o__Bacteroidales;f__Bacteroidaceae;g__Prevotella;s__Prevotella sp000434975
200000,0.004290924694271616,0.06810035842293907,0.004076378459558035,0.003221700739797948,4.2631578947368425,2.0,8.155347649907926,/group/ctbrowngrp5/sourmash-db.new/gtdb-rs226/gtdb-rs226-k51.dna.rocksdb,GCA_022775985.1 Prevotella sp.,af9ae782538970275ac8c6a0d7c1daca,0.07168458781362007,190000,22,34660000,outputs.mapping/bams.cds.rand/SRR14369219.x.s__Prevotella sp000434975.fastq.gz,SRR14369219.x.s__Prevotella sp000434975,07a94e46,46610000,51,DNA,10000,4661,True,0.8986269298039188,0.9496364339044309,0.9241316818541748,0.9496364339044309,False,81,15419,25142,d__Bacteria;p__Bacteroidota;c__Bacteroidia;o__Bacteroidales;f__Bacteroidaceae;g__Prevotella;s__Prevotella sp022775985
550000,0.011800042909246944,0.051771117166212535,0.004076378459558035,0.0073582053933656825,9.736842105263158,6.0,11.827007920158433,/group/ctbrowngrp5/sourmash-db.new/gtdb-rs226/gtdb-rs226-k51.dna.rocksdb,GCF_026015265.1 Segatella copri,619acd031784d0ee3b8122d1092eae72,0.14986376021798364,190000,23,34470000,outputs.mapping/bams.cds.rand/SRR14369219.x.s__Prevotella sp000434975.fastq.gz,SRR14369219.x.s__Prevotella sp000434975,07a94e46,46610000,51,DNA,10000,4661,True,0.9166294276659672,0.963467764562789,0.9400485961143781,0.963467764562789,False,185,15604,25142,d__Bacteria;p__Bacteroidota;c__Bacteroidia;o__Bacteroidales;f__Bacteroidaceae;g__Prevotella;s__Prevotella copri_C
2310000,0.04956018021883716,0.07196969696969698,0.004076378459558035,0.0017500596611248111,2.3157894736842106,2.0,1.5577524828367098,/group/ctbrowngrp5/sourmash-db.new/gtdb-rs226/gtdb-rs226-k51.dna.rocksdb,GCA_022773835.1 Prevotella sp.,b28594b4df8acbbd914c2012555fc993,0.875,190000,24,34280000,outputs.mapping/bams.cds.rand/SRR14369219.x.s__Prevotella sp000434975.fastq.gz,SRR14369219.x.s__Prevotella sp000434975,07a94e46,46610000,51,DNA,10000,4661,True,0.9427887034395062,0.9973851620595033,0.9700869327495047,0.9973851620595033,False,44,15648,25142,d__Bacteria;p__Bacteroidota;c__Bacteroidia;o__Bacteroidales;f__Bacteroidaceae;g__Prevotella;s__Prevotella sp000434975
440000,0.009440034327397553,0.05357142857142857,0.003861832224844454,0.0031023784901758012,4.333333333333333,3.5,3.858612300930075,/group/ctbrowngrp5/sourmash-db.new/gtdb-rs226/gtdb-rs226-k51.dna.rocksdb,GCA_963558525.1 uncultured Prevotella sp.,32c601d6131bc6ccad67d0ede487bbac,0.13095238095238096,180000,25,34100000,outputs.mapping/bams.cds.rand/SRR14369219.x.s__Prevotella sp000434975.fastq.gz,SRR14369219.x.s__Prevotella sp000434975,07a94e46,46610000,51,DNA,10000,4661,True,0.9126276016013517,0.9609227998387053,0.9367752007200285,0.9609227998387053,False,78,15726,25142,d__Bacteria;p__Bacteroidota;c__Bacteroidia;o__Bacteroidales;f__Bacteroidaceae;g__Prevotella;s__Prevotella sp900543975
220000,0.004720017163698777,0.052307692307692305,0.0036472859901308732,0.0036989897382865324,5.470588235294118,3.0,8.360394355030527,/group/ctbrowngrp5/sourmash-db.new/gtdb-rs226/gtdb-rs226-k51.dna.rocksdb,GCA_034115605.1 Prevotella sp.,71e2ebfa22d8805797cfd978fe98c329,0.06769230769230769,170000,26,33930000,outputs.mapping/bams.cds.rand/SRR14369219.x.s__Prevotella sp000434975.fastq.gz,SRR14369219.x.s__Prevotella sp000434975,07a94e46,46610000,51,DNA,10000,4661,True,0.900307878334494,0.948570028684587,0.9244389535095405,0.948570028684587,False,93,15819,25142,d__Bacteria;p__Bacteroidota;c__Bacteroidia;o__Bacteroidales;f__Bacteroidaceae;g__Prevotella;s__Prevotella sp900548195
2290000,0.049131087749409996,0.05821917808219178,0.0036472859901308732,0.0025455413252724523,3.764705882352941,3.0,3.6707013557229873,/group/ctbrowngrp5/sourmash-db.new/gtdb-rs226/gtdb-rs226-k51.dna.rocksdb,GCA_004554545.1 Bacteroidales bacterium,8231d7fa6d5da2782e1963c6ae5d95e5,0.7842465753424658,170000,27,33760000,outputs.mapping/bams.cds.rand/SRR14369219.x.s__Prevotella sp000434975.fastq.gz,SRR14369219.x.s__Prevotella sp000434975,07a94e46,46610000,51,DNA,10000,4661,True,0.9426279678429816,0.9952460067815245,0.9689369873122531,0.9952460067815245,False,64,15883,25142,d__Bacteria;p__Bacteroidota;c__Bacteroidia;o__Bacteroidales;f__Bacteroidaceae;g__Prevotella;s__Prevotella sp000434975
280000,0.006007294571980262,0.04722222222222222,0.0036472859901308732,0.002983056240553655,4.411764705882353,2.0,8.758584518526158,/group/ctbrowngrp5/sourmash-db.new/gtdb-rs226/gtdb-rs226-k51.dna.rocksdb,GCA_937926435.1 uncultured Prevotella sp.,f83b62308a2e89b569d6b7e06e62157a,0.07777777777777778,170000,28,33590000,outputs.mapping/bams.cds.rand/SRR14369219.x.s__Prevotella sp000434975.fastq.gz,SRR14369219.x.s__Prevotella sp000434975,07a94e46,46610000,51,DNA,10000,4661,True,0.9045752166525355,0.9511566951365661,0.9278659558945508,0.9511566951365661,False,75,15958,25142,d__Bacteria;p__Bacteroidota;c__Bacteroidia;o__Bacteroidales;f__Bacteroidaceae;g__Prevotella;s__Prevotella sp900555035
430000,0.009225488092683974,0.03162055335968379,0.0034327397554172923,0.0036989897382865324,5.8125,5.0,5.198782910451253,/group/ctbrowngrp5/sourmash-db.new/gtdb-rs226/gtdb-rs226-k51.dna.rocksdb,GCA_021618225.1 Prevotella sp.,77b59c353ccfb68b26ebc51de2941d6c,0.08498023715415019,160000,29,33430000,outputs.mapping/bams.cds.rand/SRR14369219.x.s__Prevotella sp000434975.fastq.gz,SRR14369219.x.s__Prevotella sp000434975,07a94e46,46610000,51,DNA,10000,4661,True,0.9122163047235938,0.952809841062426,0.93251307289301,0.952809841062426,False,93,16051,25142,d__Bacteria;p__Bacteroidota;c__Bacteroidia;o__Bacteroidales;f__Bacteroidaceae;g__Prevotella;s__Prevotella sinensis
260000,0.0055782021025531005,0.050156739811912224,0.0034327397554172923,0.0014716410786731367,2.3125,2.0,1.3095204274848102,/group/ctbrowngrp5/sourmash-db.new/gtdb-rs226/gtdb-rs226-k51.dna.rocksdb,GCA_035434925.1 Prevotella sp.,25f4e4a7be77d692aa158d27fa5005ed,0.08150470219435736,160000,30,33270000,outputs.mapping/bams.cds.rand/SRR14369219.x.s__Prevotella sp000434975.fastq.gz,SRR14369219.x.s__Prevotella sp000434975,07a94e46,46610000,51,DNA,10000,4661,True,0.903261735212209,0.9520300144004983,0.9276458748063536,0.9520300144004983,False,37,16088,25142,d__Bacteria;p__Bacteroidota;c__Bacteroidia;o__Bacteroidales;f__Bacteroidaceae;g__Prevotella;s__Prevotella sp000436035
180000,0.003861832224844454,0.06493506493506493,0.0032181935207037118,0.00230689682602816,3.8666666666666667,2.0,7.8474341170998185,/group/ctbrowngrp5/sourmash-db.new/gtdb-rs226/gtdb-rs226-k51.dna.rocksdb,GCF_022775155.1 Prevotella sp.,b04dcbe995a8bb562b3fbd52526f1736,0.07792207792207792,150000,31,33120000,outputs.mapping/bams.cds.rand/SRR14369219.x.s__Prevotella sp000434975.fastq.gz,SRR14369219.x.s__Prevotella sp000434975,07a94e46,46610000,51,DNA,10000,4661,True,0.8967723795121221,0.9511912650634166,0.9239818222877694,0.9511912650634166,False,58,16146,25142,d__Bacteria;p__Bacteroidota;c__Bacteroidia;o__Bacteroidales;f__Bacteroidaceae;g__Prevotella;s__Prevotella sp900553155
2360000,0.05063291139240506,0.053763440860215055,0.0032181935207037118,0.0023466709092355422,3.933333333333333,2.0,4.479087208597553,/group/ctbrowngrp5/sourmash-db.new/gtdb-rs226/gtdb-rs226-k51.dna.rocksdb,GCA_945949445.1 uncultured Bacteroidales bacterium,cabd04d92abe55c5033d59d55c605a96,0.8458781362007168,150000,32,32970000,outputs.mapping/bams.cds.rand/SRR14369219.x.s__Prevotella sp000434975.fastq.gz,SRR14369219.x.s__Prevotella sp000434975,07a94e46,46610000,51,DNA,10000,4661,True,0.9431846486453872,0.9967234194154941,0.9699540340304407,0.9967234194154941,False,59,16205,25142,d__Bacteria;p__Bacteroidota;c__Bacteroidia;o__Bacteroidales;f__Bacteroidaceae;g__Prevotella;s__Prevotella sp000434975
480000,0.010298219266251877,0.05725190839694656,0.0032181935207037118,0.0024659931588576884,4.133333333333334,3.0,4.19311605160437,/group/ctbrowngrp5/sourmash-db.new/gtdb-rs226/gtdb-rs226-k51.dna.rocksdb,GCA_902780435.1 uncultured Prevotellaceae bacterium,271d3d1e919c6f666e75713f6fbbfd1b,0.183206106870229,150000,33,32820000,outputs.mapping/bams.cds.rand/SRR14369219.x.s__Prevotella sp000434975.fastq.gz,SRR14369219.x.s__Prevotella sp000434975,07a94e46,46610000,51,DNA,10000,4661,True,0.9141859695010398,0.9672702757188446,0.9407281226099422,0.9672702757188446,False,62,16267,25142,d__Bacteria;p__Bacteroidota;c__Bacteroidia;o__Bacteroidales;f__Bacteroidaceae;g__Prevotella;s__Prevotella sp900313215
180000,0.003861832224844454,0.0457516339869281,0.003003647285990131,0.0014318669954657545,2.5714285714285716,1.5,2.1946130708196026,/group/ctbrowngrp5/sourmash-db.new/gtdb-rs226/gtdb-rs226-k51.dna.rocksdb,GCA_945926145.1 uncultured Bacteroidales bacterium,b8e6b7f6b24c414eeda9c4981ca5d7fc,0.058823529411764705,140000,34,32680000,outputs.mapping/bams.cds.rand/SRR14369219.x.s__Prevotella sp000434975.fastq.gz,SRR14369219.x.s__Prevotella sp000434975,07a94e46,46610000,51,DNA,10000,4661,True,0.8967723795121221,0.9459616944974788,0.9213670370048004,0.9459616944974788,False,36,16303,25142,d__Bacteria;p__Bacteroidota;c__Bacteroidia;o__Bacteroidales;f__Bacteroidaceae;g__Prevotella;s__Prevotella sp900552675
540000,0.011585496674533362,0.05405405405405406,0.003003647285990131,0.0033012489062127118,5.928571428571429,3.0,6.4637924042235415,/group/ctbrowngrp5/sourmash-db.new/gtdb-rs226/gtdb-rs226-k51.dna.rocksdb,GCA_004557705.1 Bacteroidales bacterium,c09c2436c42f9a1ed34d95dd06289b0c,0.2084942084942085,140000,35,32540000,outputs.mapping/bams.cds.rand/SRR14369219.x.s__Prevotella sp000434975.fastq.gz,SRR14369219.x.s__Prevotella sp000434975,07a94e46,46610000,51,DNA,10000,4661,True,0.9162996956043098,0.969725691726496,0.9430126936654029,0.969725691726496,False,83,16386,25142,d__Bacteria;p__Bacteroidota;c__Bacteroidia;o__Bacteroidales;f__Bacteroidaceae;g__Prevotella;s__Prevotella pectinovora
650000,0.01394550525638275,0.03218390804597701,0.003003647285990131,0.015830085116538065,28.428571428571427,9.5,61.065204361186495,/group/ctbrowngrp5/sourmash-db.new/gtdb-rs226/gtdb-rs226-k51.dna.rocksdb,GCA_963661995.1 Bacteroidaceae bacterium,c8c559163d1e781f1ce7fc37d76b4f80,0.14942528735632185,140000,36,32400000,outputs.mapping/bams.cds.rand/SRR14369219.x.s__Prevotella sp000434975.fastq.gz,SRR14369219.x.s__Prevotella sp000434975,07a94e46,46610000,51,DNA,10000,4661,True,0.9196368345812949,0.9634124121268559,0.9415246233540754,0.9634124121268559,False,398,16784,25142,d__Bacteria;p__Bacteroidota;c__Bacteroidia;o__Bacteroidales;f__Bacteroidaceae;g__Prevotella;s__Prevotella sp900546535
180000,0.003861832224844454,0.044585987261146494,0.003003647285990131,0.0021478004931986317,3.857142857142857,2.5,4.40546969860265,/group/ctbrowngrp5/sourmash-db.new/gtdb-rs226/gtdb-rs226-k51.dna.rocksdb,GCA_022773545.1 Prevotella sp.,4afae2f71eaa979d43e819866f0bc649,0.05732484076433121,140000,37,32260000,outputs.mapping/bams.cds.rand/SRR14369219.x.s__Prevotella sp000434975.fastq.gz,SRR14369219.x.s__Prevotella sp000434975,07a94e46,46610000,51,DNA,10000,4661,True,0.8967723795121221,0.9454831240333228,0.9211277517727224,0.9454831240333228,False,54,16838,25142,d__Bacteria;p__Bacteroidota;c__Bacteroidia;o__Bacteroidales;f__Bacteroidaceae;g__Prevotella;s__Prevotella sp022771625
2200000,0.047200171636987774,0.04529616724738676,0.0027891010512765503,0.0016307374115026648,3.1538461538461537,2.0,2.1784311166932766,/group/ctbrowngrp5/sourmash-db.new/gtdb-rs226/gtdb-rs226-k51.dna.rocksdb,GCA_963624575.1 Butyribacter intestini,c706e3a8fce33aeb4e250eccce4bb170,0.7665505226480837,130000,38,32130000,outputs.mapping/bams.cds.rand/SRR14369219.x.s__Prevotella sp000434975.fastq.gz,SRR14369219.x.s__Prevotella sp000434975,07a94e46,46610000,51,DNA,10000,4661,True,0.9418871971690773,0.9948007266000397,0.9683439618845585,0.9948007266000397,False,41,16879,25142,d__Bacteria;p__Bacteroidota;c__Bacteroidia;o__Bacteroidales;f__Bacteroidaceae;g__Prevotella;s__Prevotella sp000434975
500000,0.010727311735679038,0.03757225433526012,0.0027891010512765503,0.001670511494710047,3.230769230769231,2.0,4.13528617098942,/group/ctbrowngrp5/sourmash-db.new/gtdb-rs226/gtdb-rs226-k51.dna.rocksdb,GCF_021531355.1 Leyella stercorea,54ca2f53dc3b2581e6ad7338841f2186,0.14450867052023122,130000,39,32000000,outputs.mapping/bams.cds.rand/SRR14369219.x.s__Prevotella sp000434975.fastq.gz,SRR14369219.x.s__Prevotella sp000434975,07a94e46,46610000,51,DNA,10000,4661,True,0.9149180054662999,0.962780601797385,0.9388493036318424,0.962780601797385,False,42,16921,25142,d__Bacteria;p__Bacteroidota;c__Bacteroidia;o__Bacteroidales;f__Bacteroidaceae;g__Prevotella;s__Prevotella sp900552515
140000,0.003003647285990131,0.03896103896103896,0.0025745548165629693,0.001193222496221462,2.5,2.0,1.3844373104863459,/group/ctbrowngrp5/sourmash-db.new/gtdb-rs226/gtdb-rs226-k51.dna.rocksdb,GCA_946412075.1 uncultured Prevotella sp.,7ac225ea62ae01df191e23ffecac55e4,0.045454545454545456,120000,40,31880000,outputs.mapping/bams.cds.rand/SRR14369219.x.s__Prevotella sp000434975.fastq.gz,SRR14369219.x.s__Prevotella sp000434975,07a94e46,46610000,51,DNA,10000,4661,True,0.8923641939707068,0.9411914789529711,0.9167778364618389,0.9411914789529711,False,30,16951,25142,d__Bacteria;p__Bacteroidota;c__Bacteroidia;o__Bacteroidales;f__Bacteroidaceae;g__Prevotella;s__Prevotella sp900322035
170000,0.0036472859901308732,0.04680851063829787,0.0023600085818493884,0.0006363853313181131,1.4545454545454546,1.0,0.7820295697311479,/group/ctbrowngrp5/sourmash-db.new/gtdb-rs226/gtdb-rs226-k51.dna.rocksdb,GCA_958424945.1 uncultured Prevotella sp.,4db95465d52283a993d53c5de7af69dc,0.07234042553191489,110000,41,31770000,outputs.mapping/bams.cds.rand/SRR14369219.x.s__Prevotella sp000434975.fastq.gz,SRR14369219.x.s__Prevotella sp000434975,07a94e46,46610000,51,DNA,10000,4661,True,0.8957678819889173,0.9498060306184585,0.9227869563036879,0.9498060306184585,False,16,16967,25142,d__Bacteria;p__Bacteroidota;c__Bacteroidia;o__Bacteroidales;f__Bacteroidaceae;g__Prevotella;s__Prevotella sp905198745
1200000,0.025745548165629694,0.040740740740740744,0.0023600085818493884,0.0010739002465993159,2.4545454545454546,1.0,2.147456692912312,/group/ctbrowngrp5/sourmash-db.new/gtdb-rs226/gtdb-rs226-k51.dna.rocksdb,GCA_958450955.1 uncultured Bacteroidales bacterium,03cc7cd4d7e3c7b76f5e9955a8cb41b0,0.4444444444444444,110000,42,31660000,outputs.mapping/bams.cds.rand/SRR14369219.x.s__Prevotella sp000434975.fastq.gz,SRR14369219.x.s__Prevotella sp000434975,07a94e46,46610000,51,DNA,10000,4661,True,0.9307591127095105,0.9842251545792874,0.9574921336443989,0.9842251545792874,False,27,16994,25142,d__Bacteria;p__Bacteroidota;c__Bacteroidia;o__Bacteroidales;f__Bacteroidaceae;g__Prevotella;s__Prevotella sp000434975
490000,0.010512765500965459,0.02925531914893617,0.0023600085818493884,0.004454697319226792,10.181818181818182,6.0,15.520181476318221,/group/ctbrowngrp5/sourmash-db.new/gtdb-rs226/gtdb-rs226-k51.dna.rocksdb,GCF_036938075.1 Segatella copri,0a1b10f122f8a1de4a24a1e4ccd493bb,0.13031914893617022,110000,43,31550000,outputs.mapping/bams.cds.rand/SRR14369219.x.s__Prevotella sp000434975.fastq.gz,SRR14369219.x.s__Prevotella sp000434975,07a94e46,46610000,51,DNA,10000,4661,True,0.9145556493848219,0.9608314728147596,0.9376935610997907,0.9608314728147596,False,112,17106,25142,d__Bacteria;p__Bacteroidota;c__Bacteroidia;o__Bacteroidales;f__Bacteroidaceae;g__Prevotella;s__Prevotella copri_B
520000,0.011156404205106201,0.03793103448275862,0.0023600085818493884,0.0008750298305624056,2.0,2.0,1.044465935734187,/group/ctbrowngrp5/sourmash-db.new/gtdb-rs226/gtdb-rs226-k51.dna.rocksdb,GCA_034102485.1 Prevotella sp.,1d43c3dadc3e6d383f74f28175cc0a33,0.1793103448275862,110000,44,31440000,outputs.mapping/bams.cds.rand/SRR14369219.x.s__Prevotella sp000434975.fastq.gz,SRR14369219.x.s__Prevotella sp000434975,07a94e46,46610000,51,DNA,10000,4661,True,0.9156218787621488,0.966862710073034,0.9412422944175914,0.966862710073034,False,22,17128,25142,d__Bacteria;p__Bacteroidota;c__Bacteroidia;o__Bacteroidales;f__Bacteroidaceae;g__Prevotella;s__Prevotella sp905193385
110000,0.0023600085818493884,0.04524886877828054,0.002145462347135808,0.0019091559939543395,4.8,2.0,6.3843558798049465,/group/ctbrowngrp5/sourmash-db.new/gtdb-rs226/gtdb-rs226-k51.dna.rocksdb,GCA_946409365.1 uncultured Bacteroidales bacterium,580199ab9ca6333907be390a2adadefd,0.049773755656108594,100000,45,31340000,outputs.mapping/bams.cds.rand/SRR14369219.x.s__Prevotella sp000434975.fastq.gz,SRR14369219.x.s__Prevotella sp000434975,07a94e46,46610000,51,DNA,10000,4661,True,0.8881544612160649,0.9428681997235749,0.9155113304698199,0.9428681997235749,False,48,17176,25142,d__Bacteria;p__Bacteroidota;c__Bacteroidia;o__Bacteroidales;f__Bacteroidaceae;g__Alloprevotella;s__Alloprevotella sp004552155
140000,0.003003647285990131,0.0425531914893617,0.002145462347135808,0.002983056240553655,7.5,1.0,8.297590011563598,/group/ctbrowngrp5/sourmash-db.new/gtdb-rs226/gtdb-rs226-k51.dna.rocksdb,GCA_004554495.1 Bacteroidales bacterium,ee96a02261cff23da7f1832e323f86d6,0.059574468085106386,100000,46,31240000,outputs.mapping/bams.cds.rand/SRR14369219.x.s__Prevotella sp000434975.fastq.gz,SRR14369219.x.s__Prevotella sp000434975,07a94e46,46610000,51,DNA,10000,4661,True,0.8923641939707068,0.946197011506429,0.9192806027385678,0.946197011506429,False,75,17251,25142,d__Bacteria;p__Bacteroidota;c__Bacteroidia;o__Bacteroidales;f__Bacteroidaceae;g__Minthosoma;s__Minthosoma sp900316975
440000,0.009440034327397553,0.029411764705882353,0.002145462347135808,0.0019091559939543395,4.8,4.0,4.377213725647858,/group/ctbrowngrp5/sourmash-db.new/gtdb-rs226/gtdb-rs226-k51.dna.rocksdb,GCA_902795075.1 uncultured Prevotellaceae bacterium,07603e82838c38feb524d3187495b526,0.12941176470588237,100000,47,31140000,outputs.mapping/bams.cds.rand/SRR14369219.x.s__Prevotella sp000434975.fastq.gz,SRR14369219.x.s__Prevotella sp000434975,07a94e46,46610000,51,DNA,10000,4661,True,0.9126276016013517,0.9606998453121807,0.9366637234567662,0.9606998453121807,False,48,17299,25142,d__Bacteria;p__Bacteroidota;c__Bacteroidia;o__Bacteroidales;f__Bacteroidaceae;g__Prevotella;s__Prevotella copri
290000,0.006221840806693842,0.034013605442176874,0.002145462347135808,0.0009148039137697876,2.3,1.0,2.238302928559939,/group/ctbrowngrp5/sourmash-db.new/gtdb-rs226/gtdb-rs226-k51.dna.rocksdb,GCA_900545945.1 uncultured Prevotella sp.,cf2a99a8cec945be1590c1fa8aaa4dbf,0.09863945578231292,100000,48,31040000,outputs.mapping/bams.cds.rand/SRR14369219.x.s__Prevotella sp000434975.fastq.gz,SRR14369219.x.s__Prevotella sp000434975,07a94e46,46610000,51,DNA,10000,4661,True,0.9051978374615767,0.955598596631274,0.9303982170464253,0.955598596631274,False,23,17322,25142,d__Bacteria;p__Bacteroidota;c__Bacteroidia;o__Bacteroidales;f__Bacteroidaceae;g__Prevotella;s__Prevotella pectinovora
400000,0.008581849388543231,0.027439024390243903,0.001930916112422227,0.000596611248110731,1.6666666666666667,1.0,0.816496580927726,/group/ctbrowngrp5/sourmash-db.new/gtdb-rs226/gtdb-rs226-k51.dna.rocksdb,GCA_958421975.1 uncultured Prevotella sp.,1d1224a0e21222ec6b5f4b049f316ceb,0.12195121951219512,90000,49,30950000,outputs.mapping/bams.cds.rand/SRR14369219.x.s__Prevotella sp000434975.fastq.gz,SRR14369219.x.s__Prevotella sp000434975,07a94e46,46610000,51,DNA,10000,4661,True,0.9109236511386366,0.9595819746397962,0.9352528128892164,0.9595819746397962,False,15,17337,25142,d__Bacteria;p__Bacteroidota;c__Bacteroidia;o__Bacteroidales;f__Bacteroidaceae;g__Prevotella;s__Prevotella sp900313215
100000,0.002145462347135808,0.02912621359223301,0.001930916112422227,0.000517063081695967,1.4444444444444444,1.0,0.6849348892187752,/group/ctbrowngrp5/sourmash-db.new/gtdb-rs226/gtdb-rs226-k51.dna.rocksdb,GCA_963598605.1 Bacteroidaceae bacterium,3fc4b456bedab7f229f7a896f23c9d97,0.032362459546925564,90000,50,30860000,outputs.mapping/bams.cds.rand/SRR14369219.x.s__Prevotella sp000434975.fastq.gz,SRR14369219.x.s__Prevotella sp000434975,07a94e46,46610000,51,DNA,10000,4661,True,0.8864962041104325,0.9349429859968322,0.9107195950536324,0.9349429859968322,False,13,17350,25142,d__Bacteria;p__Bacteroidota;c__Bacteroidia;o__Bacteroidales;f__Muribaculaceae;g__Limisoma;s__Limisoma sp000437795
120000,0.0025745548165629693,0.032846715328467155,0.001930916112422227,0.0014716410786731367,4.111111111111111,3.0,3.6649827783268094,/group/ctbrowngrp5/sourmash-db.new/gtdb-rs226/gtdb-rs226-k51.dna.rocksdb,GCA_963611935.1 Clostridiales bacterium,3575b4973ecfeaebafd3a59499265c43,0.043795620437956206,90000,51,30770000,outputs.mapping/bams.cds.rand/SRR14369219.x.s__Prevotella sp000434975.fastq.gz,SRR14369219.x.s__Prevotella sp000434975,07a94e46,46610000,51,DNA,10000,4661,True,0.8896710397196028,0.9405056003381409,0.9150883200288719,0.9405056003381409,False,37,17387,25142,d__Bacteria;p__Bacteroidota;c__Bacteroidia;o__Bacteroidales;f__Bacteroidaceae;g__Alloprevotella;s__Alloprevotella timonensis
2400000,0.05149109633125939,0.03237410071942446,0.001930916112422227,0.0007159334977328772,2.0,1.0,1.247219128924647,/group/ctbrowngrp5/sourmash-db.new/gtdb-rs226/gtdb-rs226-k51.dna.rocksdb,GCA_905206085.1 uncultured Prevotella sp.,7514df9e0c3036f8266f72f6ae16b0fd,0.8633093525179856,90000,52,30680000,outputs.mapping/bams.cds.rand/SRR14369219.x.s__Prevotella sp000434975.fastq.gz,SRR14369219.x.s__Prevotella sp000434975,07a94e46,46610000,51,DNA,10000,4661,True,0.9434955276322586,0.9971221452536754,0.9703088364429671,0.9971221452536754,False,18,17405,25142,d__Bacteria;p__Bacteroidota;c__Bacteroidia;o__Bacteroidales;f__Bacteroidaceae;g__Prevotella;s__Prevotella sp000434975
190000,0.004076378459558035,0.039473684210526314,0.001930916112422227,0.00115344841301408,3.2222222222222223,3.0,2.698879511442471,/group/ctbrowngrp5/sourmash-db.new/gtdb-rs226/gtdb-rs226-k51.dna.rocksdb,GCA_928228845.1 uncultured Prevotella sp.,da5442914ef4087edbb432969748a4fc,0.08333333333333333,90000,53,30590000,outputs.mapping/bams.cds.rand/SRR14369219.x.s__Prevotella sp000434975.fastq.gz,SRR14369219.x.s__Prevotella sp000434975,07a94e46,46610000,51,DNA,10000,4661,True,0.8977235893310339,0.9524442919820304,0.9250839406565321,0.9524442919820304,False,29,17434,25142,d__Bacteria;p__Bacteroidota;c__Bacteroidia;o__Bacteroidales;f__Bacteroidaceae;g__Prevotella;s__Prevotella sp002251385
540000,0.011585496674533362,0.026627218934911243,0.001930916112422227,0.002386444992442924,6.666666666666667,4.0,8.178562764256865,/group/ctbrowngrp5/sourmash-db.new/gtdb-rs226/gtdb-rs226-k51.dna.rocksdb,GCF_021531415.1 Segatella copri,bc0d0c632b87ac4d8583d45ab9a636fe,0.15976331360946747,90000,54,30500000,outputs.mapping/bams.cds.rand/SRR14369219.x.s__Prevotella sp000434975.fastq.gz,SRR14369219.x.s__Prevotella sp000434975,07a94e46,46610000,51,DNA,10000,4661,True,0.9162996956043098,0.9646769533684919,0.9404883244864009,0.9646769533684919,False,60,17494,25142,d__Bacteria;p__Bacteroidota;c__Bacteroidia;o__Bacteroidales;f__Bacteroidaceae;g__Prevotella;s__Prevotella copri
260000,0.0055782021025531005,0.01818181818181818,0.0017163698777086461,0.002823959907724127,8.875,4.5,13.83327058218699,/group/ctbrowngrp5/sourmash-db.new/gtdb-rs226/gtdb-rs226-k51.dna.rocksdb,GCA_022728145.1 Prevotella sp.,e44ccab3f6e5fcd5d7d7132aa1522bc2,0.05909090909090909,80000,55,30420000,outputs.mapping/bams.cds.rand/SRR14369219.x.s__Prevotella sp000434975.fastq.gz,SRR14369219.x.s__Prevotella sp000434975,07a94e46,46610000,51,DNA,10000,4661,True,0.903261735212209,0.9460458175135121,0.9246537763628606,0.9460458175135121,False,71,17565,25142,d__Bacteria;p__Bacteroidota;c__Bacteroidia;o__Bacteroidales;f__Bacteroidaceae;g__Prevotella;s__Prevotella hominis
440000,0.009440034327397553,0.025396825396825397,0.0017163698777086461,0.0010739002465993159,3.375,2.5,2.7357585785299112,/group/ctbrowngrp5/sourmash-db.new/gtdb-rs226/gtdb-rs226-k51.dna.rocksdb,GCA_945914615.1 uncultured Prevotella sp.,abcc3410ce16c30389017e805477970a,0.13968253968253969,80000,56,30340000,outputs.mapping/bams.cds.rand/SRR14369219.x.s__Prevotella sp000434975.fastq.gz,SRR14369219.x.s__Prevotella sp000434975,07a94e46,46610000,51,DNA,10000,4661,True,0.9126276016013517,0.9621395800886386,0.9373835908449952,0.9621395800886386,False,27,17592,25142,d__Bacteria;p__Bacteroidota;c__Bacteroidia;o__Bacteroidales;f__Bacteroidaceae;g__Prevotella;s__Prevotella sp945863825
2410000,0.051705642565972966,0.02909090909090909,0.0017163698777086461,0.001113674329806698,3.5,2.0,3.774917217635375,/group/ctbrowngrp5/sourmash-db.new/gtdb-rs226/gtdb-rs226-k51.dna.rocksdb,GCA_945863895.1 uncultured Bacteroidales bacterium,09e5b6730bbd1298e562ceff682a04cc,0.8763636363636363,80000,57,30260000,outputs.mapping/bams.cds.rand/SRR14369219.x.s__Prevotella sp000434975.fastq.gz,SRR14369219.x.s__Prevotella sp000434975,07a94e46,46610000,51,DNA,10000,4661,True,0.9435724535912077,0.9974156165744205,0.9704940350828141,0.9974156165744205,False,28,17620,25142,d__Bacteria;p__Bacteroidota;c__Bacteroidia;o__Bacteroidales;f__Bacteroidaceae;g__Prevotella;s__Prevotella sp000434975
2160000,0.04634198669813345,0.034482758620689655,0.0017163698777086461,0.0021478004931986317,6.75,3.5,5.889609494694874,/group/ctbrowngrp5/sourmash-db.new/gtdb-rs226/gtdb-rs226-k51.dna.rocksdb,GCA_022776695.1 Prevotella sp.,eae359fec2707c8a9c7cf6107894937f,0.9310344827586207,80000,58,30180000,outputs.mapping/bams.cds.rand/SRR14369219.x.s__Prevotella sp000434975.fastq.gz,SRR14369219.x.s__Prevotella sp000434975,07a94e46,46610000,51,DNA,10000,4661,True,0.9415483793240491,0.9985998250044681,0.9700741021642586,0.9985998250044681,False,54,17674,25142,d__Bacteria;p__Bacteroidota;c__Bacteroidia;o__Bacteroidales;f__Bacteroidaceae;g__Prevotella;s__Prevotella sp000434975
80000,0.0017163698777086461,3.414863192043369e-05,0.0017163698777086461,0.0003579667488664386,1.125,1.0,0.33071891388307384,/group/ctbrowngrp5/sourmash-db.new/ncbi-euks-2025.01/ncbi-euks-all-2025.01-k51.dna.rocksdb,GCF_000003025.6 pig (Sus scrofa),2edac3821d65091319e98478f22e942c,3.414863192043369e-05,80000,59,30100000,outputs.mapping/bams.cds.rand/SRR14369219.x.s__Prevotella sp000434975.fastq.gz,SRR14369219.x.s__Prevotella sp000434975,07a94e46,46610000,51,DNA,10000,4661,True,0.8826259338477538,0.8173707354690997,0.8499983346584268,0.8826259338477538,False,9,17683,25142,Eukaryota;Chordata;Mammalia;Artiodactyla;Suidae;Sus;Sus scrofa;unclassified Sus scrofa subspecies/strain
2130000,0.04569834799399271,0.029535864978902954,0.0015018236429950654,0.0009943520801845517,3.5714285714285716,2.0,4.337778985911137,/group/ctbrowngrp5/sourmash-db.new/gtdb-rs226/gtdb-rs226-k51.dna.rocksdb,GCA_022771345.1 Prevotella sp.,767378036a03975455c67cb2c7c30758,0.8987341772151899,70000,60,30030000,outputs.mapping/bams.cds.rand/SRR14369219.x.s__Prevotella sp000434975.fastq.gz,SRR14369219.x.s__Prevotella sp000434975,07a94e46,46610000,51,DNA,10000,4661,True,0.9412902044626061,0.997908700106973,0.9695994522847895,0.997908700106973,False,25,17708,25142,d__Bacteria;p__Bacteroidota;c__Bacteroidia;o__Bacteroidales;f__Bacteroidaceae;g__Prevotella;s__Prevotella sp000434975
70000,0.0015018236429950654,0.025362318840579712,0.0015018236429950654,0.002664863574894599,9.571428571428571,6.0,11.17212274058123,/group/ctbrowngrp5/sourmash-db.new/gtdb-rs226/gtdb-rs226-k51.dna.rocksdb,GCA_037313315.1 Sodaliphilus sp.,0be463e97d9a3873e01dcf673a3f33d5,0.025362318840579712,70000,61,29960000,outputs.mapping/bams.cds.rand/SRR14369219.x.s__Prevotella sp000434975.fastq.gz,SRR14369219.x.s__Prevotella sp000434975,07a94e46,46610000,51,DNA,10000,4661,True,0.8803180100686623,0.9304854520423368,0.9054017310554996,0.9304854520423368,False,67,17775,25142,d__Bacteria;p__Bacteroidota;c__Bacteroidia;o__Bacteroidales;f__Muribaculaceae;g__Sodaliphilus;s__Sodaliphilus sp004557565
540000,0.011585496674533362,0.02364864864864865,0.0015018236429950654,0.0006761594145254952,2.4285714285714284,1.0,2.718042512920064,/group/ctbrowngrp5/sourmash-db.new/gtdb-rs226/gtdb-rs226-k51.dna.rocksdb,GCF_000834015.1 Prevotella pectinovora,998bf93c9b97aad01e78f3ba768ae63b,0.18243243243243243,70000,62,29890000,outputs.mapping/bams.cds.rand/SRR14369219.x.s__Prevotella sp000434975.fastq.gz,SRR14369219.x.s__Prevotella sp000434975,07a94e46,46610000,51,DNA,10000,4661,True,0.9162996956043098,0.9671900161958952,0.9417448559001025,0.9671900161958952,False,17,17792,25142,d__Bacteria;p__Bacteroidota;c__Bacteroidia;o__Bacteroidales;f__Bacteroidaceae;g__Prevotella;s__Prevotella pectinovora
140000,0.003003647285990131,0.02046783625730994,0.0015018236429950654,0.0012329965794288442,4.428571428571429,2.0,4.624689730353898,/group/ctbrowngrp5/sourmash-db.new/gtdb-rs226/gtdb-rs226-k51.dna.rocksdb,GCA_034114445.1 Prevotella sp.,b5b49d68a615afcf9d6852954d51be84,0.04093567251461988,70000,63,29820000,outputs.mapping/bams.cds.rand/SRR14369219.x.s__Prevotella sp000434975.fastq.gz,SRR14369219.x.s__Prevotella sp000434975,07a94e46,46610000,51,DNA,10000,4661,True,0.8923641939707068,0.9392610484716387,0.9158126212211728,0.9392610484716387,False,31,17823,25142,d__Bacteria;p__Bacteroidota;c__Bacteroidia;o__Bacteroidales;f__Bacteroidaceae;g__Prevotella;s__Prevotella sp022771625
70000,0.0015018236429950654,0.02456140350877193,0.0015018236429950654,0.000556837164903349,2.0,2.0,1.0690449676496976,/group/ctbrowngrp5/sourmash-db.new/gtdb-rs226/gtdb-rs226-k51.dna.rocksdb,GCA_945939135.1 uncultured Bacteroidales bacterium,0d7b2383b12c64dc9fc5ce38459f43ce,0.02456140350877193,70000,64,29750000,outputs.mapping/bams.cds.rand/SRR14369219.x.s__Prevotella sp000434975.fastq.gz,SRR14369219.x.s__Prevotella sp000434975,07a94e46,46610000,51,DNA,10000,4661,True,0.8803180100686623,0.9299001908881398,0.9051091004784011,0.9299001908881398,False,14,17837,25142,d__Bacteria;p__Bacteroidota;c__Bacteroidia;o__Bacteroidales;f__Bacteroidaceae;g__Physcousia;s__Physcousia sp900543815
70000,0.0015018236429950654,0.017114914425427872,0.0015018236429950654,0.0033012489062127118,11.857142857142858,2.0,16.496134364741085,/group/ctbrowngrp5/sourmash-db.new/gtdb-rs226/gtdb-rs226-k51.dna.rocksdb,GCA_021616595.1 Bacteroidales bacterium,58da32daf3e3c54075353a3fd64979fd,0.017114914425427872,70000,65,29680000,outputs.mapping/bams.cds.rand/SRR14369219.x.s__Prevotella sp000434975.fastq.gz,SRR14369219.x.s__Prevotella sp000434975,07a94e46,46610000,51,DNA,10000,4661,True,0.8803180100686623,0.9233371060615695,0.9018275580651158,0.9233371060615695,False,83,17920,25142,d__Bacteria;p__Bacteroidota;c__Bacteroidia;o__Bacteroidales;f__UBA932;g__Cryptobacteroides;s__Cryptobacteroides sp000433355
2290000,0.049131087749409996,0.027450980392156862,0.0015018236429950654,0.0006761594145254952,2.4285714285714284,2.0,1.2936264483053452,/group/ctbrowngrp5/sourmash-db.new/gtdb-rs226/gtdb-rs226-k51.dna.rocksdb,GCA_034108885.1 Prevotella sp.,89d1093f41f135743b79a30a0ba9ba8e,0.8980392156862745,70000,66,29610000,outputs.mapping/bams.cds.rand/SRR14369219.x.s__Prevotella sp000434975.fastq.gz,SRR14369219.x.s__Prevotella sp000434975,07a94e46,46610000,51,DNA,10000,4661,True,0.9426279678429816,0.9978935639782436,0.9702607659106126,0.9978935639782436,False,17,17937,25142,d__Bacteria;p__Bacteroidota;c__Bacteroidia;o__Bacteroidales;f__Bacteroidaceae;g__Prevotella;s__Prevotella sp000434975
2360000,0.05063291139240506,0.025454545454545455,0.0015018236429950654,0.000596611248110731,2.142857142857143,2.0,1.355261854357877,/group/ctbrowngrp5/sourmash-db.new/gtdb-rs226/gtdb-rs226-k51.dna.rocksdb,GCA_034171925.1 Prevotella sp.,56d3588ceebe861956f15f7df1fd1fdc,0.8581818181818182,70000,67,29540000,outputs.mapping/bams.cds.rand/SRR14369219.x.s__Prevotella sp000434975.fastq.gz,SRR14369219.x.s__Prevotella sp000434975,07a94e46,46610000,51,DNA,10000,4661,True,0.9431846486453872,0.9970056822787827,0.970095165462085,0.9970056822787827,False,15,17952,25142,d__Bacteria;p__Bacteroidota;c__Bacteroidia;o__Bacteroidales;f__Bacteroidaceae;g__Prevotella;s__Prevotella sp000434975
2520000,0.05406565114782236,0.025089605734767026,0.0015018236429950654,0.0007557075809402593,2.7142857142857144,2.0,1.4846149779161804,/group/ctbrowngrp5/sourmash-db.new/gtdb-rs226/gtdb-rs226-k51.dna.rocksdb,GCA_034088245.1 Prevotella sp.,0639f84486eb7ee3ce2219f55c684d02,0.9032258064516129,70000,68,29470000,outputs.mapping/bams.cds.rand/SRR14369219.x.s__Prevotella sp000434975.fastq.gz,SRR14369219.x.s__Prevotella sp000434975,07a94e46,46610000,51,DNA,10000,4661,True,0.9443985732802285,0.9980062510590004,0.9712024121696144,0.9980062510590004,False,19,17971,25142,d__Bacteria;p__Bacteroidota;c__Bacteroidia;o__Bacteroidales;f__Bacteroidaceae;g__Prevotella;s__Prevotella sp000434975
410000,0.008796395623256811,0.019830028328611898,0.0015018236429950654,0.0020284782435764856,7.285714285714286,5.0,6.880911187881312,/group/ctbrowngrp5/sourmash-db.new/gtdb-rs226/gtdb-rs226-k51.dna.rocksdb,GCA_963588435.1 Hallerella sp.,44bed5a2fd47cff67ab7c0a7f33a759a,0.11614730878186968,70000,69,29400000,outputs.mapping/bams.cds.rand/SRR14369219.x.s__Prevotella sp000434975.fastq.gz,SRR14369219.x.s__Prevotella sp000434975,07a94e46,46610000,51,DNA,10000,4661,True,0.9113647988037672,0.9586649429300184,0.9350148708668928,0.9586649429300184,False,51,18022,25142,d__Bacteria;p__Bacteroidota;c__Bacteroidia;o__Bacteroidales;f__Bacteroidaceae;g__Prevotella;s__Prevotella sp900313215
600000,0.012872774082814847,0.01808785529715762,0.0015018236429950654,0.001193222496221462,4.285714285714286,1.0,6.249897958350673,/group/ctbrowngrp5/sourmash-db.new/gtdb-rs226/gtdb-rs226-k51.dna.rocksdb,GCA_938023055.1 uncultured Prevotella sp.,fb4ffb74be3ac89aab6057bbc1c76914,0.15503875968992248,70000,70,29330000,outputs.mapping/bams.cds.rand/SRR14369219.x.s__Prevotella sp000434975.fastq.gz,SRR14369219.x.s__Prevotella sp000434975,07a94e46,46610000,51,DNA,10000,4661,True,0.9181946289304016,0.9641093176007084,0.941151973265555,0.9641093176007084,False,30,18052,25142,d__Bacteria;p__Bacteroidota;c__Bacteroidia;o__Bacteroidales;f__Bacteroidaceae;g__Prevotella;s__Prevotella sp945863825
430000,0.009225488092683974,0.024291497975708502,0.0012872774082814847,0.0003579667488664386,1.5,1.0,0.7637626158259734,/group/ctbrowngrp5/sourmash-db.new/gtdb-rs226/gtdb-rs226-k51.dna.rocksdb,GCF_000436015.1 Prevotella sp. CAG:592,eed5d2bb8a90b5558e2616f691ac1e7c,0.17408906882591094,60000,71,29270000,outputs.mapping/bams.cds.rand/SRR14369219.x.s__Prevotella sp000434975.fastq.gz,SRR14369219.x.s__Prevotella sp000434975,07a94e46,46610000,51,DNA,10000,4661,True,0.9122163047235938,0.9663026414488183,0.939259473086206,0.9663026414488183,False,9,18061,25142,d__Bacteria;p__Bacteroidota;c__Bacteroidia;o__Bacteroidales;f__Bacteroidaceae;g__Prevotella;s__Prevotella pectinovora
420000,0.009010941857970392,0.02531645569620253,0.0012872774082814847,0.00047728899848858487,2.0,2.0,0.816496580927726,/group/ctbrowngrp5/sourmash-db.new/gtdb-rs226/gtdb-rs226-k51.dna.rocksdb,GCA_022779905.1 Prevotella sp.,effb1b86e9cf5887c9ceee40288cc281,0.17721518987341772,60000,72,29210000,outputs.mapping/bams.cds.rand/SRR14369219.x.s__Prevotella sp000434975.fastq.gz,SRR14369219.x.s__Prevotella sp000434975,07a94e46,46610000,51,DNA,10000,4661,True,0.9117955213433188,0.9666399152496623,0.9392177182964905,0.9666399152496623,False,12,18073,25142,d__Bacteria;p__Bacteroidota;c__Bacteroidia;o__Bacteroidales;f__Bacteroidaceae;g__Prevotella;s__Prevotella sp900543975
2550000,0.0547092898519631,0.019230769230769232,0.0012872774082814847,0.0008750298305624056,3.6666666666666665,3.0,1.8856180831641267,/group/ctbrowngrp5/sourmash-db.new/gtdb-rs226/gtdb-rs226-k51.dna.rocksdb,GCA_037279125.1 Prevotella sp.,64f5f820a8845b93cfc4831d5b25a33a,0.8173076923076923,60000,73,29150000,outputs.mapping/bams.cds.rand/SRR14369219.x.s__Prevotella sp000434975.fastq.gz,SRR14369219.x.s__Prevotella sp000434975,07a94e46,46610000,51,DNA,10000,4661,True,0.9446177446871811,0.9960521341257452,0.9703349394064631,0.9960521341257452,False,22,18095,25142,d__Bacteria;p__Bacteroidota;c__Bacteroidia;o__Bacteroidales;f__Bacteroidaceae;g__Prevotella;s__Prevotella sp000434975
190000,0.004076378459558035,0.02027027027027027,0.0012872774082814847,0.00031819266565905654,1.3333333333333333,1.0,0.4714045207910317,/group/ctbrowngrp5/sourmash-db.new/gtdb-rs226/gtdb-rs226-k51.dna.rocksdb,GCA_037313035.1 Prevotella sp.,e77b19a983190e8b1e7730810f79aa56,0.06418918918918919,60000,74,29090000,outputs.mapping/bams.cds.rand/SRR14369219.x.s__Prevotella sp000434975.fastq.gz,SRR14369219.x.s__Prevotella sp000434975,07a94e46,46610000,51,DNA,10000,4661,True,0.8977235893310339,0.9475822125335168,0.9226529009322754,0.9475822125335168,False,8,18103,25142,d__Bacteria;p__Bacteroidota;c__Bacteroidia;o__Bacteroidales;f__Bacteroidaceae;g__Prevotella;s__Prevotella sp900546575
340000,0.0072945719802617465,0.015915119363395226,0.0012872774082814847,0.000517063081695967,2.1666666666666665,1.0,2.1921577396609844,/group/ctbrowngrp5/sourmash-db.new/gtdb-rs226/gtdb-rs226-k51.dna.rocksdb,GCF_026015665.1 Segatella copri,365a225bd233f9fc5704e605699321dd,0.09018567639257294,60000,75,29030000,outputs.mapping/bams.cds.rand/SRR14369219.x.s__Prevotella sp000434975.fastq.gz,SRR14369219.x.s__Prevotella sp000434975,07a94e46,46610000,51,DNA,10000,4661,True,0.9080254803983169,0.9539212013841036,0.9309733408912102,0.9539212013841036,False,13,18116,25142,d__Bacteria;p__Bacteroidota;c__Bacteroidia;o__Bacteroidales;f__Bacteroidaceae;g__Prevotella;s__Prevotella copri_K
1280000,0.027461918043338338,0.022900763358778626,0.0012872774082814847,0.0006761594145254952,2.8333333333333335,2.0,2.4094720491334933,/group/ctbrowngrp5/sourmash-db.new/gtdb-rs226/gtdb-rs226-k51.dna.rocksdb,GCA_021620945.1 Prevotella sp.,9d8f271ce307dc8fbfaac2ad1f2ba7e2,0.48854961832061067,60000,76,28970000,outputs.mapping/bams.cds.rand/SRR14369219.x.s__Prevotella sp000434975.fastq.gz,SRR14369219.x.s__Prevotella sp000434975,07a94e46,46610000,51,DNA,10000,4661,True,0.9319376978216345,0.9860527988815216,0.958995248351578,0.9860527988815216,False,17,18133,25142,d__Bacteria;p__Bacteroidota;c__Bacteroidia;o__Bacteroidales;f__Bacteroidaceae;g__Prevotella;s__Prevotella sp000434975
60000,0.0012872774082814847,0.024793388429752067,0.0012872774082814847,0.0003977408320738207,1.6666666666666667,1.5,0.7453559924999299,/group/ctbrowngrp5/sourmash-db.new/gtdb-rs226/gtdb-rs226-k51.dna.rocksdb,GCA_036297885.1 Bacteroidales bacterium,534c65e348ed5d8f2ea228c42191e437,0.024793388429752067,60000,77,28910000,outputs.mapping/bams.cds.rand/SRR14369219.x.s__Prevotella sp000434975.fastq.gz,SRR14369219.x.s__Prevotella sp000434975,07a94e46,46610000,51,DNA,10000,4661,True,0.8776612111886104,0.9300716141730985,0.9038664126808544,0.9300716141730985,True,10,18143,25142,d__Bacteria;p__Bacteroidota;c__Bacteroidia;o__Bacteroidales;f__UBA932;g__Cryptobacteroides;s__Cryptobacteroides sp900546925
300000,0.0064363870414074235,0.01485148514851485,0.0012872774082814847,0.000596611248110731,2.5,2.0,1.118033988749895,/group/ctbrowngrp5/sourmash-db.new/gtdb-rs226/gtdb-rs226-k51.dna.rocksdb,GCF_964240925.1 Prevotella merdae,31814dd200788c22176abb83524c68eb,0.07425742574257425,60000,78,28850000,outputs.mapping/bams.cds.rand/SRR14369219.x.s__Prevotella sp000434975.fastq.gz,SRR14369219.x.s__Prevotella sp000434975,07a94e46,46610000,51,DNA,10000,4661,True,0.9057997553656649,0.9502932509693149,0.9280465031674899,0.9502932509693149,False,15,18158,25142,d__Bacteria;p__Bacteroidota;c__Bacteroidia;o__Bacteroidales;f__Bacteroidaceae;g__Prevotella;s__Prevotella merdae
100000,0.002145462347135808,0.02631578947368421,0.0012872774082814847,0.0008352557473550235,3.5,1.5,4.716990566028302,/group/ctbrowngrp5/sourmash-db.new/gtdb-rs226/gtdb-rs226-k51.dna.rocksdb,GCA_004560055.1 bacterium,a88f4fce57f98f5160d3b7f6ebf75245,0.043859649122807015,60000,79,28790000,outputs.mapping/bams.cds.rand/SRR14369219.x.s__Prevotella sp000434975.fastq.gz,SRR14369219.x.s__Prevotella sp000434975,07a94e46,46610000,51,DNA,10000,4661,True,0.8864962041104325,0.9405325419797677,0.9135143730451001,0.9405325419797677,False,21,18179,25142,d__Bacteria;p__Bacteroidota;c__Bacteroidia;o__Bacteroidales;f__UBA932;g__Cryptobacteroides;s__Cryptobacteroides sp000431015
410000,0.008796395623256811,0.020905923344947737,0.0012872774082814847,0.000596611248110731,2.5,2.5,1.3844373104863459,/group/ctbrowngrp5/sourmash-db.new/gtdb-rs226/gtdb-rs226-k51.dna.rocksdb,GCA_036828725.1 Segatella copri,86fb30e394f840674d3427996158cd0c,0.14285714285714285,60000,80,28730000,outputs.mapping/bams.cds.rand/SRR14369219.x.s__Prevotella sp000434975.fastq.gz,SRR14369219.x.s__Prevotella sp000434975,07a94e46,46610000,51,DNA,10000,4661,True,0.9113647988037672,0.9625636347671247,0.936964216785446,0.9625636347671247,False,15,18194,25142,d__Bacteria;p__Bacteroidota;c__Bacteroidia;o__Bacteroidales;f__Bacteroidaceae;g__Prevotella;s__Prevotella copri
640000,0.013730959021669169,0.01643835616438356,0.0012872774082814847,0.000517063081695967,2.1666666666666665,1.5,1.3437096247164249,/group/ctbrowngrp5/sourmash-db.new/gtdb-rs226/gtdb-rs226-k51.dna.rocksdb,GCA_019409395.1 Prevotella sp.,fb3a6b5f0b740a3ee4fb1aaf25582473,0.17534246575342466,60000,81,28670000,outputs.mapping/bams.cds.rand/SRR14369219.x.s__Prevotella sp000434975.fastq.gz,SRR14369219.x.s__Prevotella sp000434975,07a94e46,46610000,51,DNA,10000,4661,True,0.9193573041112434,0.966438576646995,0.9428979403791191,0.966438576646995,False,13,18207,25142,d__Bacteria;p__Bacteroidota;c__Bacteroidia;o__Bacteroidales;f__Bacteroidaceae;g__Prevotella;s__Prevotella copri
90000,0.001930916112422227,0.007680491551459293,0.001072731173567904,0.000517063081695967,2.6,2.0,1.2000000000000002,/group/ctbrowngrp5/sourmash-db.new/gtdb-rs226/gtdb-rs226-k51.dna.rocksdb,GCA_027605115.1 Bacteroides xylanisolvens,51dfbf41ae828415a843252109b4ba5e,0.013824884792626729,50000,82,28620000,outputs.mapping/bams.cds.rand/SRR14369219.x.s__Prevotella sp000434975.fastq.gz,SRR14369219.x.s__Prevotella sp000434975,07a94e46,46610000,51,DNA,10000,4661,True,0.8846666887248115,0.9194802024217343,0.9020734455732728,0.9194802024217343,False,13,18220,25142,d__Bacteria;p__Bacteroidota;c__Bacteroidia;o__Bacteroidales;f__Bacteroidaceae;g__Bacteroides;s__Bacteroides xylanisolvens
140000,0.003003647285990131,0.012755102040816327,0.001072731173567904,0.001670511494710047,8.4,2.0,13.807244475274567,/group/ctbrowngrp5/sourmash-db.new/gtdb-rs226/gtdb-rs226-k51.dna.rocksdb,GCA_034116325.1 Prevotella sp.,e4dc07bb9206f79f367a8777c6d769f4,0.03571428571428571,50000,83,28570000,outputs.mapping/bams.cds.rand/SRR14369219.x.s__Prevotella sp000434975.fastq.gz,SRR14369219.x.s__Prevotella sp000434975,07a94e46,46610000,51,DNA,10000,4661,True,0.8923641939707068,0.9367514032259207,0.9145577985983138,0.9367514032259207,False,42,18262,25142,d__Bacteria;p__Bacteroidota;c__Bacteroidia;o__Bacteroidales;f__Bacteroidaceae;g__Prevotella;s__Prevotella sp022764085
60000,0.0012872774082814847,0.022222222222222223,0.001072731173567904,0.0009148039137697876,4.6,5.0,2.4166091947189146,/group/ctbrowngrp5/sourmash-db.new/gtdb-rs226/gtdb-rs226-k51.dna.rocksdb,GCA_034115865.1 Bacteroidaceae bacterium,e4d79ad9c75bcf7a6336768f70135aa7,0.02666666666666667,50000,84,28520000,outputs.mapping/bams.cds.rand/SRR14369219.x.s__Prevotella sp000434975.fastq.gz,SRR14369219.x.s__Prevotella sp000434975,07a94e46,46610000,51,DNA,10000,4661,True,0.8776612111886104,0.9314008754643719,0.9045310433264911,0.9314008754643719,True,23,18285,25142,d__Bacteria;p__Bacteroidota;c__Bacteroidia;o__Bacteroidales;f__Bacteroidaceae;g__UBA6398;s__UBA6398 sp003150315
50000,0.001072731173567904,0.01557632398753894,0.001072731173567904,0.013523188290509905,68.0,4.0,129.5067565804966,/group/ctbrowngrp5/sourmash-db.new/gtdb-rs226/gtdb-rs226-k51.dna.rocksdb,GCF_027692125.1 Gemmiger qucibialis,1665d12d4bb5bb6ff3ff37192d6de9d6,0.01557632398753894,50000,85,28470000,outputs.mapping/bams.cds.rand/SRR14369219.x.s__Prevotella sp000434975.fastq.gz,SRR14369219.x.s__Prevotella sp000434975,07a94e46,46610000,51,DNA,10000,4661,True,0.8745292332533195,0.9216332546452355,0.8980812439492776,0.9216332546452355,True,340,18625,25142,d__Bacteria;p__Bacillota;c__Clostridia;o__Oscillospirales;f__Ruminococcaceae;g__Gemmiger;s__Gemmiger qucibialis
70000,0.0015018236429950654,0.017482517482517484,0.001072731173567904,0.00023864449924429243,1.2,1.0,0.4,/group/ctbrowngrp5/sourmash-db.new/gtdb-rs226/gtdb-rs226-k51.dna.rocksdb,GCA_945869265.1 uncultured Prevotella sp.,33193da5f8eacad67419eebc3e05da30,0.024475524475524476,50000,86,28420000,outputs.mapping/bams.cds.rand/SRR14369219.x.s__Prevotella sp000434975.fastq.gz,SRR14369219.x.s__Prevotella sp000434975,07a94e46,46610000,51,DNA,10000,4661,True,0.8803180100686623,0.9298363284376768,0.9050771692531696,0.9298363284376768,False,6,18631,25142,d__Bacteria;p__Bacteroidota;c__Bacteroidia;o__Bacteroidales;f__Bacteroidaceae;g__Prevotella;s__Prevotella sp945869265
220000,0.004720017163698777,0.018726591760299626,0.001072731173567904,0.0014716410786731367,7.4,9.0,2.4166091947189146,/group/ctbrowngrp5/sourmash-db.new/gtdb-rs226/gtdb-rs226-k51.dna.rocksdb,GCA_900314235.1 uncultured Prevotellaceae bacterium,e804f376a4eca488d1437c123143a92e,0.08239700374531835,50000,87,28370000,outputs.mapping/bams.cds.rand/SRR14369219.x.s__Prevotella sp000434975.fastq.gz,SRR14369219.x.s__Prevotella sp000434975,07a94e46,46610000,51,DNA,10000,4661,True,0.900307878334494,0.9522332918887771,0.9262705851116355,0.9522332918887771,False,37,18668,25142,d__Bacteria;p__Bacteroidota;c__Bacteroidia;o__Bacteroidales;f__Bacteroidaceae;g__Prevotella;s__Prevotella sp002251295
540000,0.011585496674533362,0.01592356687898089,0.001072731173567904,0.000556837164903349,2.8,3.0,0.7483314773547882,/group/ctbrowngrp5/sourmash-db.new/gtdb-rs226/gtdb-rs226-k51.dna.rocksdb,GCA_029226565.1 Segatella copri,f7a7a0ceba047b9cb86c8bd20b017555,0.17197452229299362,50000,88,28320000,outputs.mapping/bams.cds.rand/SRR14369219.x.s__Prevotella sp000434975.fastq.gz,SRR14369219.x.s__Prevotella sp000434975,07a94e46,46610000,51,DNA,10000,4661,True,0.9162996956043098,0.9660711218849874,0.9411854087446486,0.9660711218849874,False,14,18682,25142,d__Bacteria;p__Bacteroidota;c__Bacteroidia;o__Bacteroidales;f__Bacteroidaceae;g__Prevotella;s__Prevotella sp900313215
240000,0.005149109633125939,0.021645021645021644,0.001072731173567904,0.000556837164903349,2.8,3.0,1.6,/group/ctbrowngrp5/sourmash-db.new/gtdb-rs226/gtdb-rs226-k51.dna.rocksdb,GCA_029100245.1 Prevotellaceae bacterium,ca53876fa1a492705972878af579083c,0.1038961038961039,50000,89,28270000,outputs.mapping/bams.cds.rand/SRR14369219.x.s__Prevotella sp000434975.fastq.gz,SRR14369219.x.s__Prevotella sp000434975,07a94e46,46610000,51,DNA,10000,4661,True,0.9018452095471058,0.9565719299106691,0.9292085697288874,0.9565719299106691,False,14,18696,25142,d__Bacteria;p__Bacteroidota;c__Bacteroidia;o__Bacteroidales;f__Bacteroidaceae;g__Prevotella;s__Prevotella sp022788105
520000,0.011156404205106201,0.01288659793814433,0.001072731173567904,0.0004375149152812028,2.2,2.0,0.7483314773547882,/group/ctbrowngrp5/sourmash-db.new/gtdb-rs226/gtdb-rs226-k51.dna.rocksdb,GCA_040324585.2 Segatella sinensis,03d8682549facbb908f65394b5b79011,0.13402061855670103,50000,90,28220000,outputs.mapping/bams.cds.rand/SRR14369219.x.s__Prevotella sp000434975.fastq.gz,SRR14369219.x.s__Prevotella sp000434975,07a94e46,46610000,51,DNA,10000,4661,True,0.9156218787621488,0.9613592691459775,0.9384905739540632,0.9613592691459775,False,11,18707,25142,d__Bacteria;p__Bacteroidota;c__Bacteroidia;o__Bacteroidales;f__Bacteroidaceae;g__Prevotella;s__Prevotella sinensis
2510000,0.05385110491310877,0.017482517482517484,0.001072731173567904,0.00031819266565905654,1.6,1.0,0.8,/group/ctbrowngrp5/sourmash-db.new/gtdb-rs226/gtdb-rs226-k51.dna.rocksdb,GCA_022785245.1 Prevotella sp.,45fde7906d179ce270108a20a3c53f6e,0.8776223776223776,50000,91,28170000,outputs.mapping/bams.cds.rand/SRR14369219.x.s__Prevotella sp000434975.fastq.gz,SRR14369219.x.s__Prevotella sp000434975,07a94e46,46610000,51,DNA,10000,4661,True,0.9443249473492252,0.9974436872270956,0.9708843172881605,0.9974436872270956,False,8,18715,25142,d__Bacteria;p__Bacteroidota;c__Bacteroidia;o__Bacteroidales;f__Bacteroidaceae;g__Prevotella;s__Prevotella sp000434975
2470000,0.052992919974254454,0.0176678445229682,0.001072731173567904,0.0009148039137697876,4.6,4.0,2.9393876913398134,/group/ctbrowngrp5/sourmash-db.new/gtdb-rs226/gtdb-rs226-k51.dna.rocksdb,GCA_959603645.1 uncultured Bacteroidales bacterium,d21c6794a0e2ef7be0bd8e548a0c7052,0.872791519434629,50000,92,28120000,outputs.mapping/bams.cds.rand/SRR14369219.x.s__Prevotella sp000434975.fastq.gz,SRR14369219.x.s__Prevotella sp000434975,07a94e46,46610000,51,DNA,10000,4661,True,0.944027539194004,0.9973357405338921,0.970681639863948,0.9973357405338921,False,23,18738,25142,d__Bacteria;p__Bacteroidota;c__Bacteroidia;o__Bacteroidales;f__Bacteroidaceae;g__Prevotella;s__Prevotella sp000434975
50000,0.001072731173567904,0.01968503937007874,0.001072731173567904,0.000556837164903349,2.8,3.0,1.32664991614216,/group/ctbrowngrp5/sourmash-db.new/gtdb-rs226/gtdb-rs226-k51.dna.rocksdb,GCA_034088665.1 Sodaliphilus sp.,43a9b088d524dd4dddebde145d491d15,0.01968503937007874,50000,93,28070000,outputs.mapping/bams.cds.rand/SRR14369219.x.s__Prevotella sp000434975.fastq.gz,SRR14369219.x.s__Prevotella sp000434975,07a94e46,46610000,51,DNA,10000,4661,True,0.8745292332533195,0.9258735806982249,0.9002014069757722,0.9258735806982249,True,14,18752,25142,d__Bacteria;p__Bacteroidota;c__Bacteroidia;o__Bacteroidales;f__Muribaculaceae;g__Sodaliphilus;s__Sodaliphilus sp934636465
220000,0.004720017163698777,0.01718213058419244,0.001072731173567904,0.00023864449924429243,1.2,1.0,0.4,/group/ctbrowngrp5/sourmash-db.new/gtdb-rs226/gtdb-rs226-k51.dna.rocksdb,GCF_034178305.1 Hallella sp.,239e8f6df4dd61007baa7b95688be74f,0.07560137457044673,50000,94,28020000,outputs.mapping/bams.cds.rand/SRR14369219.x.s__Prevotella sp000434975.fastq.gz,SRR14369219.x.s__Prevotella sp000434975,07a94e46,46610000,51,DNA,10000,4661,True,0.900307878334494,0.9506275275583707,0.9254677029464323,0.9506275275583707,False,6,18758,25142,d__Bacteria;p__Bacteroidota;c__Bacteroidia;o__Bacteroidales;f__Bacteroidaceae;g__Prevotella;s__Prevotella faecis
420000,0.009010941857970392,0.022222222222222223,0.001072731173567904,0.0003977408320738207,2.0,2.0,0.6324555320336759,/group/ctbrowngrp5/sourmash-db.new/gtdb-rs226/gtdb-rs226-k51.dna.rocksdb,GCA_004553785.1 Bacteroidales bacterium,576091c93e48828c85e533aa24709f6c,0.18666666666666668,50000,95,27970000,outputs.mapping/bams.cds.rand/SRR14369219.x.s__Prevotella sp000434975.fastq.gz,SRR14369219.x.s__Prevotella sp000434975,07a94e46,46610000,51,DNA,10000,4661,True,0.9117955213433188,0.9676252476437133,0.939710384493516,0.9676252476437133,False,10,18768,25142,d__Bacteria;p__Bacteroidota;c__Bacteroidia;o__Bacteroidales;f__Bacteroidaceae;g__Prevotella;s__Prevotella sp900543975
130000,0.0027891010512765503,0.017361111111111112,0.001072731173567904,0.00031819266565905654,1.6,1.0,0.8,/group/ctbrowngrp5/sourmash-db.new/gtdb-rs226/gtdb-rs226-k51.dna.rocksdb,GCA_902766535.1 uncultured Prevotellaceae bacterium,0f73cd4a856af0200f176ce99c2aa8ef,0.04513888888888889,50000,96,27920000,outputs.mapping/bams.cds.rand/SRR14369219.x.s__Prevotella sp000434975.fastq.gz,SRR14369219.x.s__Prevotella sp000434975,07a94e46,46610000,51,DNA,10000,4661,True,0.8910684434513304,0.9410628827941928,0.9160656631227616,0.9410628827941928,False,8,18776,25142,d__Bacteria;p__Bacteroidota;c__Bacteroidia;o__Bacteroidales;f__Bacteroidaceae;g__Prevotella;s__Prevotella sp900548195
1410000,0.03025101909461489,0.0149812734082397,0.0008581849388543231,0.0002784185824516745,1.75,1.0,1.299038105676658,/group/ctbrowngrp5/sourmash-db.new/gtdb-rs226/gtdb-rs226-k51.dna.rocksdb,GCA_037244645.1 Prevotella sp.,19e92a401c98c9fefb38143ee251cd34,0.5280898876404494,40000,97,27880000,outputs.mapping/bams.cds.rand/SRR14369219.x.s__Prevotella sp000434975.fastq.gz,SRR14369219.x.s__Prevotella sp000434975,07a94e46,46610000,51,DNA,10000,4661,True,0.9337069434604292,0.9875586539079472,0.9606327986841882,0.9875586539079472,False,7,18783,25142,d__Bacteria;p__Bacteroidota;c__Bacteroidia;o__Bacteroidales;f__Bacteroidaceae;g__Prevotella;s__Prevotella sp000434975
280000,0.006007294571980262,0.016,0.0008581849388543231,0.0009545779969771697,6.0,3.0,6.4031242374328485,/group/ctbrowngrp5/sourmash-db.new/gtdb-rs226/gtdb-rs226-k51.dna.rocksdb,GCA_034104045.1 Prevotella sp.,d76865a9f7ecec65cf178eda6f613a9a,0.112,40000,98,27840000,outputs.mapping/bams.cds.rand/SRR14369219.x.s__Prevotella sp000434975.fastq.gz,SRR14369219.x.s__Prevotella sp000434975,07a94e46,46610000,51,DNA,10000,4661,True,0.9045752166525355,0.9579817069559252,0.9312784618042304,0.9579817069559252,False,24,18807,25142,d__Bacteria;p__Bacteroidota;c__Bacteroidia;o__Bacteroidales;f__Bacteroidaceae;g__Prevotella;s__Prevotella sp000436915
230000,0.004934563398412358,0.016,0.0008581849388543231,0.00023864449924429243,1.5,1.0,0.8660254037844386,/group/ctbrowngrp5/sourmash-db.new/gtdb-rs226/gtdb-rs226-k51.dna.rocksdb,GCA_000433895.1 Prevotella sp. CAG:474,bc79a61e18a1ff53908b05b8387b3bfa,0.092,40000,99,27800000,outputs.mapping/bams.cds.rand/SRR14369219.x.s__Prevotella sp000434975.fastq.gz,SRR14369219.x.s__Prevotella sp000434975,07a94e46,46610000,51,DNA,10000,4661,True,0.9010929316289058,0.954293826402013,0.9276933790154593,0.954293826402013,False,6,18813,25142,d__Bacteria;p__Bacteroidota;c__Bacteroidia;o__Bacteroidales;f__Bacteroidaceae;g__Prevotella;s__Prevotella sp002251385
60000,0.0012872774082814847,0.014285714285714285,0.0008581849388543231,0.004454697319226792,28.0,11.0,35.70714214271425,/group/ctbrowngrp5/sourmash-db.new/gtdb-rs226/gtdb-rs226-k51.dna.rocksdb,GCA_022740055.1 Faecalibacterium prausnitzii,4be4a3e4dd404c8dcfa85272553048b1,0.02142857142857143,40000,100,27760000,outputs.mapping/bams.cds.rand/SRR14369219.x.s__Prevotella sp000434975.fastq.gz,SRR14369219.x.s__Prevotella sp000434975,07a94e46,46610000,51,DNA,10000,4661,True,0.8776612111886104,0.9274155572531645,0.9025383842208874,0.9274155572531645,True,112,18925,25142,d__Bacteria;p__Bacillota;c__Clostridia;o__Oscillospirales;f__Ruminococcaceae;g__Faecalibacterium;s__Faecalibacterium longum
40000,0.0008581849388543231,0.010582010582010581,0.0008581849388543231,0.000556837164903349,3.5,3.0,2.179449471770337,/group/ctbrowngrp5/sourmash-db.new/gtdb-rs226/gtdb-rs226-k51.dna.rocksdb,GCA_902362915.1 Clostridiales bacterium,288bf44b791dd8a803f1c4b22169860d,0.010582010582010581,40000,101,27720000,outputs.mapping/bams.cds.rand/SRR14369219.x.s__Prevotella sp000434975.fastq.gz,SRR14369219.x.s__Prevotella sp000434975,07a94e46,46610000,51,DNA,10000,4661,True,0.8707112084613239,0.9146733865236761,0.8926922974925,0.9146733865236761,True,14,18939,25142,d__Bacteria;p__Bacillota;c__Clostridia;o__Oscillospirales;f__Oscillospiraceae;g__Lawsonibacter;s__Lawsonibacter sp900066825
90000,0.001930916112422227,0.017391304347826087,0.0008581849388543231,0.0004375149152812028,2.75,2.5,1.479019945774904,/group/ctbrowngrp5/sourmash-db.new/gtdb-rs226/gtdb-rs226-k51.dna.rocksdb,GCA_004552155.1 Bacteroidales bacterium,556a7ff8002ae193ea3c3c4aa52f29fe,0.0391304347826087,40000,102,27680000,outputs.mapping/bams.cds.rand/SRR14369219.x.s__Prevotella sp000434975.fastq.gz,SRR14369219.x.s__Prevotella sp000434975,07a94e46,46610000,51,DNA,10000,4661,True,0.8846666887248115,0.938430789817581,0.9115487392711963,0.938430789817581,False,11,18950,25142,d__Bacteria;p__Bacteroidota;c__Bacteroidia;o__Bacteroidales;f__Bacteroidaceae;g__Alloprevotella;s__Alloprevotella sp004552155
60000,0.0012872774082814847,0.016597510373443983,0.0008581849388543231,0.00019887041603691035,1.25,1.0,0.4330127018922193,/group/ctbrowngrp5/sourmash-db.new/gtdb-rs226/gtdb-rs226-k51.dna.rocksdb,GCA_028727865.1 Bacteroidales bacterium,ada340e2996cc7cd81c0c6ef8379d959,0.024896265560165973,40000,103,27640000,outputs.mapping/bams.cds.rand/SRR14369219.x.s__Prevotella sp000434975.fastq.gz,SRR14369219.x.s__Prevotella sp000434975,07a94e46,46610000,51,DNA,10000,4661,True,0.8776612111886104,0.9301471316254081,0.9039041714070093,0.9301471316254081,True,5,18955,25142,d__Bacteria;p__Bacteroidota;c__Bacteroidia;o__Bacteroidales;f__Bacteroidaceae;g__Prevotella;s__Prevotella sp004558865
480000,0.010298219266251877,0.013422818791946308,0.0008581849388543231,0.002187574576406014,13.75,8.0,14.905955185763842,/group/ctbrowngrp5/sourmash-db.new/gtdb-rs226/gtdb-rs226-k51.dna.rocksdb,GCA_019409775.1 bacterium,149f926f7747a8629bfb307a5a84e10d,0.1610738255033557,40000,104,27600000,outputs.mapping/bams.cds.rand/SRR14369219.x.s__Prevotella sp000434975.fastq.gz,SRR14369219.x.s__Prevotella sp000434975,07a94e46,46610000,51,DNA,10000,4661,True,0.9141859695010398,0.9648314913565087,0.9395087304287743,0.9648314913565087,False,55,19010,25142,d__Bacteria;p__Bacteroidota;c__Bacteroidia;o__Bacteroidales;f__Bacteroidaceae;g__Prevotella;s__Prevotella sp900546535
40000,0.0008581849388543231,0.01556420233463035,0.0008581849388543231,0.00019887041603691035,1.25,1.0,0.4330127018922193,/group/ctbrowngrp5/sourmash-db.new/gtdb-rs226/gtdb-rs226-k51.dna.rocksdb,GCA_022777445.1 Paraprevotella sp.,7a4ea923fda063baf7520e91c235b52e,0.01556420233463035,40000,105,27560000,outputs.mapping/bams.cds.rand/SRR14369219.x.s__Prevotella sp000434975.fastq.gz,SRR14369219.x.s__Prevotella sp000434975,07a94e46,46610000,51,DNA,10000,4661,True,0.8707112084613239,0.9216191860556893,0.8961651972585065,0.9216191860556893,True,5,19015,25142,d__Bacteria;p__Bacteroidota;c__Bacteroidia;o__Bacteroidales;f__Bacteroidaceae;g__Physcousia;s__Physcousia sp900766785
1460000,0.03132375026818279,0.014598540145985401,0.0008581849388543231,0.00031819266565905654,2.0,1.5,1.224744871391589,/group/ctbrowngrp5/sourmash-db.new/gtdb-rs226/gtdb-rs226-k51.dna.rocksdb,GCA_902472365.1 uncultured Prevotella sp.,86c1c379f87d0876df36a728006e2f18,0.5328467153284672,40000,106,27520000,outputs.mapping/bams.cds.rand/SRR14369219.x.s__Prevotella sp000434975.fastq.gz,SRR14369219.x.s__Prevotella sp000434975,07a94e46,46610000,51,DNA,10000,4661,True,0.9343451346991141,0.9877323107091007,0.9610387227041074,0.9877323107091007,False,8,19023,25142,d__Bacteria;p__Bacteroidota;c__Bacteroidia;o__Bacteroidales;f__Bacteroidaceae;g__Prevotella;s__Prevotella sp000434975
2120000,0.04548380175927912,0.017937219730941704,0.0008581849388543231,0.000556837164903349,3.5,4.0,0.8660254037844386,/group/ctbrowngrp5/sourmash-db.new/gtdb-rs226/gtdb-rs226-k51.dna.rocksdb,GCA_034169305.1 Prevotella sp.,659d0b7b938fa1887dd02e63e8650497,0.9506726457399103,40000,107,27480000,outputs.mapping/bams.cds.rand/SRR14369219.x.s__Prevotella sp000434975.fastq.gz,SRR14369219.x.s__Prevotella sp000434975,07a94e46,46610000,51,DNA,10000,4661,True,0.9412033533885318,0.9990086192568775,0.9701059863227046,0.9990086192568775,False,14,19037,25142,d__Bacteria;p__Bacteroidota;c__Bacteroidia;o__Bacteroidales;f__Bacteroidaceae;g__Prevotella;s__Prevotella sp000434975
510000,0.01094185797039262,0.013377926421404682,0.0008581849388543231,0.00023864449924429243,1.5,1.0,0.8660254037844386,/group/ctbrowngrp5/sourmash-db.new/gtdb-rs226/gtdb-rs226-k51.dna.rocksdb,GCA_945831055.1 uncultured Prevotella sp.,596f75092c7cdd3ad2c022985e198274,0.1705685618729097,40000,108,27440000,outputs.mapping/bams.cds.rand/SRR14369219.x.s__Prevotella sp000434975.fastq.gz,SRR14369219.x.s__Prevotella sp000434975,07a94e46,46610000,51,DNA,10000,4661,True,0.9152733250382934,0.9659156348084553,0.9405944799233743,0.9659156348084553,False,6,19043,25142,d__Bacteria;p__Bacteroidota;c__Bacteroidia;o__Bacteroidales;f__Bacteroidaceae;g__Prevotella;s__Prevotella sp905193385
60000,0.0012872774082814847,0.0163265306122449,0.0008581849388543231,0.00031819266565905654,2.0,2.0,0.0,/group/ctbrowngrp5/sourmash-db.new/gtdb-rs226/gtdb-rs226-k51.dna.rocksdb,GCA_034094075.1 Prevotella sp.,380c3de1b8ef759b60d005ed758e1029,0.024489795918367346,40000,109,27400000,outputs.mapping/bams.cds.rand/SRR14369219.x.s__Prevotella sp000434975.fastq.gz,SRR14369219.x.s__Prevotella sp000434975,07a94e46,46610000,51,DNA,10000,4661,True,0.8776612111886104,0.929846956353493,0.9037540837710517,0.929846956353493,True,8,19051,25142,d__Bacteria;p__Bacteroidota;c__Bacteroidia;o__Bacteroidales;f__Bacteroidaceae;g__Prevotella;s__Prevotella sp022769285
500000,0.010727311735679038,0.010723860589812333,0.0008581849388543231,0.000556837164903349,3.5,4.0,1.5,/group/ctbrowngrp5/sourmash-db.new/gtdb-rs226/gtdb-rs226-k51.dna.rocksdb,GCF_021630825.1 Leyella stercorea,bc98a7275811a7f31548336fe12d83be,0.13404825737265416,40000,110,27360000,outputs.mapping/bams.cds.rand/SRR14369219.x.s__Prevotella sp000434975.fastq.gz,SRR14369219.x.s__Prevotella sp000434975,07a94e46,46610000,51,DNA,10000,4661,True,0.9149180054662999,0.9613631561899868,0.9381405808281433,0.9613631561899868,False,14,19065,25142,d__Bacteria;p__Bacteroidota;c__Bacteroidia;o__Bacteroidales;f__Bacteroidaceae;g__Prevotella;s__Prevotella stercorea
60000,0.0012872774082814847,0.014925373134328358,0.0008581849388543231,0.000596611248110731,3.75,4.0,2.277608394786075,/group/ctbrowngrp5/sourmash-db.new/gtdb-rs226/gtdb-rs226-k51.dna.rocksdb,GCA_021639025.1 Prevotella sp.,ffb0e8530c42af729a0f19eb346e972e,0.022388059701492536,40000,111,27320000,outputs.mapping/bams.cds.rand/SRR14369219.x.s__Prevotella sp000434975.fastq.gz,SRR14369219.x.s__Prevotella sp000434975,07a94e46,46610000,51,DNA,10000,4661,True,0.8776612111886104,0.9282124334068184,0.9029368222977143,0.9282124334068184,True,15,19080,25142,d__Bacteria;p__Bacteroidota;c__Bacteroidia;o__Bacteroidales;f__Bacteroidaceae;g__Prevotella;s__Prevotella sp002265625
530000,0.01137095043981978,0.017167381974248927,0.0008581849388543231,0.0013125447458436084,8.25,8.0,6.796138609534093,/group/ctbrowngrp5/sourmash-db.new/gtdb-rs226/gtdb-rs226-k51.dna.rocksdb,GCA_022773105.1 Prevotella sp.,d8b15fe58e715faffc9e67579d1b53c3,0.22746781115879827,40000,112,27280000,outputs.mapping/bams.cds.rand/SRR14369219.x.s__Prevotella sp000434975.fastq.gz,SRR14369219.x.s__Prevotella sp000434975,07a94e46,46610000,51,DNA,10000,4661,True,0.9159639219291248,0.971383198022011,0.9436735599755679,0.971383198022011,False,33,19113,25142,d__Bacteria;p__Bacteroidota;c__Bacteroidia;o__Bacteroidales;f__Bacteroidaceae;g__Prevotella;s__Prevotella sp900543975
230000,0.004934563398412358,0.010230179028132993,0.0008581849388543231,0.0006761594145254952,4.25,4.0,2.5860201081971503,/group/ctbrowngrp5/sourmash-db.new/gtdb-rs226/gtdb-rs226-k51.dna.rocksdb,GCA_022721995.1 Prevotella sp.,e01bff5aeceed8d7e73e2d19589c3a38,0.058823529411764705,40000,113,27240000,outputs.mapping/bams.cds.rand/SRR14369219.x.s__Prevotella sp000434975.fastq.gz,SRR14369219.x.s__Prevotella sp000434975,07a94e46,46610000,51,DNA,10000,4661,True,0.9010929316289058,0.9459616944974788,0.9235273130631922,0.9459616944974788,False,17,19130,25142,d__Bacteria;p__Bacteroidota;c__Bacteroidia;o__Bacteroidales;f__Bacteroidaceae;g__Prevotella;s__Prevotella hominis
2520000,0.05406565114782236,0.014184397163120567,0.0008581849388543231,0.000596611248110731,3.75,2.5,3.2691742076555053,/group/ctbrowngrp5/sourmash-db.new/gtdb-rs226/gtdb-rs226-k51.dna.rocksdb,GCA_034089605.1 Prevotella sp.,3ca7cf055c061cd44016f6c891c77680,0.8936170212765957,40000,114,27200000,outputs.mapping/bams.cds.rand/SRR14369219.x.s__Prevotella sp000434975.fastq.gz,SRR14369219.x.s__Prevotella sp000434975,07a94e46,46610000,51,DNA,10000,4661,True,0.9443985732802285,0.9977969795639668,0.9710977764220976,0.9977969795639668,False,15,19145,25142,d__Bacteria;p__Bacteroidota;c__Bacteroidia;o__Bacteroidales;f__Bacteroidaceae;g__Prevotella;s__Prevotella sp000434975
230000,0.004934563398412358,0.006872852233676976,0.0008581849388543231,0.00019887041603691035,1.25,1.0,0.4330127018922193,/group/ctbrowngrp5/sourmash-db.new/gtdb-rs226/gtdb-rs226-k51.dna.rocksdb,GCA_021153065.1 Bacteroides uniformis,36e7587620d4e56ab3ccc724fb62957d,0.03951890034364261,40000,115,27160000,outputs.mapping/bams.cds.rand/SRR14369219.x.s__Prevotella sp000434975.fastq.gz,SRR14369219.x.s__Prevotella sp000434975,07a94e46,46610000,51,DNA,10000,4661,True,0.9010929316289058,0.9386125777827253,0.9198527547058155,0.9386125777827253,False,5,19150,25142,d__Bacteria;p__Bacteroidota;c__Bacteroidia;o__Bacteroidales;f__Bacteroidaceae;g__Bacteroides;s__Bacteroides uniformis
50000,0.001072731173567904,0.01646090534979424,0.0008581849388543231,0.0010739002465993159,6.75,3.5,7.224091638399945,/group/ctbrowngrp5/sourmash-db.new/gtdb-rs226/gtdb-rs226-k51.dna.rocksdb,GCA_028727265.1 Bacteroidales bacterium,35bc7ec1b7661f33fed4bfc81332bd54,0.0205761316872428,40000,116,27120000,outputs.mapping/bams.cds.rand/SRR14369219.x.s__Prevotella sp000434975.fastq.gz,SRR14369219.x.s__Prevotella sp000434975,07a94e46,46610000,51,DNA,10000,4661,True,0.8745292332533195,0.926677675501848,0.9006034543775838,0.926677675501848,True,27,19177,25142,d__Bacteria;p__Bacteroidota;c__Bacteroidia;o__Bacteroidales;f__Muribaculaceae;g__Sodaliphilus;s__Sodaliphilus sp004557565
1480000,0.031752842737609956,0.013333333333333334,0.0008581849388543231,0.0008352557473550235,5.25,1.0,7.361215932167728,/group/ctbrowngrp5/sourmash-db.new/gtdb-rs226/gtdb-rs226-k51.dna.rocksdb,GCA_958426835.1 uncultured Bacteroidales bacterium,2ba303ad982752b0c15f134a8087aaf6,0.49333333333333335,40000,117,27080000,outputs.mapping/bams.cds.rand/SRR14369219.x.s__Prevotella sp000434975.fastq.gz,SRR14369219.x.s__Prevotella sp000434975,07a94e46,46610000,51,DNA,10000,4661,True,0.9345944302018838,0.9862412117207422,0.960417820961313,0.9862412117207422,False,21,19198,25142,d__Bacteria;p__Bacteroidota;c__Bacteroidia;o__Bacteroidales;f__Bacteroidaceae;g__Prevotella;s__Prevotella sp000434975
360000,0.007723664449688908,0.015873015873015872,0.0008581849388543231,0.0006761594145254952,4.25,3.5,2.277608394786075,/group/ctbrowngrp5/sourmash-db.new/gtdb-rs226/gtdb-rs226-k51.dna.rocksdb,GCF_959603685.1 uncultured Prevotella sp.,498f21acb816977dddc233100413fe65,0.14285714285714285,40000,118,27040000,outputs.mapping/bams.cds.rand/SRR14369219.x.s__Prevotella sp000434975.fastq.gz,SRR14369219.x.s__Prevotella sp000434975,07a94e46,46610000,51,DNA,10000,4661,True,0.9090437233655035,0.9625636347671247,0.9358036790663141,0.9625636347671247,False,17,19215,25142,d__Bacteria;p__Bacteroidota;c__Bacteroidia;o__Bacteroidales;f__Bacteroidaceae;g__Prevotella;s__Prevotella pectinovora
50000,0.001072731173567904,0.020618556701030927,0.0008581849388543231,0.0006761594145254952,4.25,3.0,2.7726341266023544,/group/ctbrowngrp5/sourmash-db.new/gtdb-rs226/gtdb-rs226-k51.dna.rocksdb,GCA_000980325.1 Clostridium sp. A254.MGS-251,20f5425fcb70ff463df047bedc86b396,0.02577319587628866,40000,119,27000000,outputs.mapping/bams.cds.rand/SRR14369219.x.s__Prevotella sp000434975.fastq.gz,SRR14369219.x.s__Prevotella sp000434975,07a94e46,46610000,51,DNA,10000,4661,True,0.8745292332533195,0.9307787009594554,0.9026539671063875,0.9307787009594554,True,17,19232,25142,d__Bacteria;p__Bacillota;c__Clostridia;o__Oscillospirales;f__Acutalibacteraceae;g__Eubacterium_R;s__Eubacterium_R sp000436835
410000,0.008796395623256811,0.015873015873015872,0.0008581849388543231,0.0003977408320738207,2.5,2.5,1.5,/group/ctbrowngrp5/sourmash-db.new/gtdb-rs226/gtdb-rs226-k51.dna.rocksdb,GCF_945947475.1 uncultured Prevotella sp.,7bfc4cf94a3e8e86b9dc371369f50f2e,0.1626984126984127,40000,120,26960000,outputs.mapping/bams.cds.rand/SRR14369219.x.s__Prevotella sp000434975.fastq.gz,SRR14369219.x.s__Prevotella sp000434975,07a94e46,46610000,51,DNA,10000,4661,True,0.9113647988037672,0.9650213634252715,0.9381930811145194,0.9650213634252715,False,10,19242,25142,d__Bacteria;p__Bacteroidota;c__Bacteroidia;o__Bacteroidales;f__Bacteroidaceae;g__Prevotella;s__Prevotella pectinovora
480000,0.010298219266251877,0.014925373134328358,0.0008581849388543231,0.0009545779969771697,6.0,1.5,8.093207028119323,/group/ctbrowngrp5/sourmash-db.new/gtdb-rs226/gtdb-rs226-k51.dna.rocksdb,GCA_958438705.1 uncultured Prevotella sp.,832290b71db644a0e5c7d5c2f3bcf690,0.1791044776119403,40000,121,26920000,outputs.mapping/bams.cds.rand/SRR14369219.x.s__Prevotella sp000434975.fastq.gz,SRR14369219.x.s__Prevotella sp000434975,07a94e46,46610000,51,DNA,10000,4661,True,0.9141859695010398,0.9668409319214808,0.9405134507112602,0.9668409319214808,False,24,19266,25142,d__Bacteria;p__Bacteroidota;c__Bacteroidia;o__Bacteroidales;f__Bacteroidaceae;g__Prevotella;s__Prevotella sp900313215
270000,0.005792748337266681,0.015810276679841896,0.0008581849388543231,0.0004375149152812028,2.75,2.5,1.479019945774904,/group/ctbrowngrp5/sourmash-db.new/gtdb-rs226/gtdb-rs226-k51.dna.rocksdb,GCA_022788105.1 Prevotella sp.,1b96fcc1131e88fdef162c928f14f7bf,0.1067193675889328,40000,122,26880000,outputs.mapping/bams.cds.rand/SRR14369219.x.s__Prevotella sp000434975.fastq.gz,SRR14369219.x.s__Prevotella sp000434975,07a94e46,46610000,51,DNA,10000,4661,True,0.9039304020835534,0.9570749424379487,0.930502672260751,0.9570749424379487,False,11,19277,25142,d__Bacteria;p__Bacteroidota;c__Bacteroidia;o__Bacteroidales;f__Bacteroidaceae;g__Prevotella;s__Prevotella sp022788105
50000,0.001072731173567904,0.01486988847583643,0.0008581849388543231,0.0002784185824516745,1.75,1.5,0.82915619758885,/group/ctbrowngrp5/sourmash-db.new/gtdb-rs226/gtdb-rs226-k51.dna.rocksdb,GCA_963637675.1 Oscillibacter sp. MSJ-31,c707767299878e460bb860b61176db8d,0.01858736059479554,40000,123,26840000,outputs.mapping/bams.cds.rand/SRR14369219.x.s__Prevotella sp000434975.fastq.gz,SRR14369219.x.s__Prevotella sp000434975,07a94e46,46610000,51,DNA,10000,4661,True,0.8745292332533195,0.9248325202951372,0.8996808767742284,0.9248325202951372,True,7,19284,25142,d__Bacteria;p__Bacteroidota;c__Bacteroidia;o__Bacteroidales;f__Muribaculaceae;g__UBA7173;s__UBA7173 sp905207535
40000,0.0008581849388543231,0.00963855421686747,0.0008581849388543231,0.0009943520801845517,6.25,2.0,7.980444849756184,/group/ctbrowngrp5/sourmash-db.new/gtdb-rs226/gtdb-rs226-k51.dna.rocksdb,GCA_937889405.1 uncultured Fibrobacter sp.,da98c8c0ccd9653c12274d068f75918f,0.00963855421686747,40000,124,26800000,outputs.mapping/bams.cds.rand/SRR14369219.x.s__Prevotella sp000434975.fastq.gz,SRR14369219.x.s__Prevotella sp000434975,07a94e46,46610000,51,DNA,10000,4661,True,0.8707112084613239,0.9130000923496824,0.8918556504055031,0.9130000923496824,True,25,19309,25142,d__Bacteria;p__Fibrobacterota;c__Fibrobacteria;o__Fibrobacterales;f__Fibrobacteraceae;g__Fibrobacter;s__Fibrobacter sp002449765
490000,0.010512765500965459,0.011904761904761904,0.0008581849388543231,0.0012329965794288442,7.75,8.0,5.402545696243577,/group/ctbrowngrp5/sourmash-db.new/gtdb-rs226/gtdb-rs226-k51.dna.rocksdb,GCA_036298005.1 Segatella copri,87f15e944fac495c7d4032c34adb8e84,0.14583333333333334,40000,125,26760000,outputs.mapping/bams.cds.rand/SRR14369219.x.s__Prevotella sp000434975.fastq.gz,SRR14369219.x.s__Prevotella sp000434975,07a94e46,46610000,51,DNA,10000,4661,True,0.9145556493848219,0.9629528776832327,0.9387542635340274,0.9629528776832327,False,31,19340,25142,d__Bacteria;p__Bacteroidota;c__Bacteroidia;o__Bacteroidales;f__Bacteroidaceae;g__Prevotella;s__Prevotella sinensis
50000,0.001072731173567904,0.02,0.0008581849388543231,0.000596611248110731,3.75,3.5,2.165063509461097,/group/ctbrowngrp5/sourmash-db.new/gtdb-rs226/gtdb-rs226-k51.dna.rocksdb,GCA_004552135.1 Bacteroidales bacterium,a7d44adc74bf2a4bdcbed7985303d2cb,0.025,40000,126,26720000,outputs.mapping/bams.cds.rand/SRR14369219.x.s__Prevotella sp000434975.fastq.gz,SRR14369219.x.s__Prevotella sp000434975,07a94e46,46610000,51,DNA,10000,4661,True,0.8745292332533195,0.9302229692504613,0.9023761012518905,0.9302229692504613,True,15,19355,25142,d__Bacteria;p__Bacteroidota;c__Bacteroidia;o__Bacteroidales;f__UBA932;g__Cryptobacteroides;s__Cryptobacteroides sp004554455
110000,0.0023600085818493884,0.012244897959183673,0.0006436387041407423,0.0004375149152812028,3.6666666666666665,3.0,2.494438257849294,/group/ctbrowngrp5/sourmash-db.new/gtdb-rs226/gtdb-rs226-k51.dna.rocksdb,GCA_945946975.1 uncultured Bacteroidales bacterium,3a0a1f0096d752697d59901455827fcc,0.044897959183673466,30000,127,26690000,outputs.mapping/bams.cds.rand/SRR14369219.x.s__Prevotella sp000434975.fastq.gz,SRR14369219.x.s__Prevotella sp000434975,07a94e46,46610000,51,DNA,10000,4661,True,0.8881544612160649,0.9409641351417304,0.9145592981788977,0.9409641351417304,False,11,19366,25142,d__Bacteria;p__Bacteroidota;c__Bacteroidia;o__Bacteroidales;f__Bacteroidaceae;g__Alloprevotella;s__Alloprevotella sp004552155
340000,0.0072945719802617465,0.007371007371007371,0.0006436387041407423,0.00015909633282952827,1.3333333333333333,1.0,0.4714045207910317,/group/ctbrowngrp5/sourmash-db.new/gtdb-rs226/gtdb-rs226-k51.dna.rocksdb,GCF_019127335.1 Segatella copri,4b5891a64bc44210556da6149a190676,0.08353808353808354,30000,128,26660000,outputs.mapping/bams.cds.rand/SRR14369219.x.s__Prevotella sp000434975.fastq.gz,SRR14369219.x.s__Prevotella sp000434975,07a94e46,46610000,51,DNA,10000,4661,True,0.9080254803983169,0.952490122256777,0.9302578013275469,0.952490122256777,False,4,19370,25142,d__Bacteria;p__Bacteroidota;c__Bacteroidia;o__Bacteroidales;f__Bacteroidaceae;g__Prevotella;s__Prevotella sp900551275
100000,0.002145462347135808,0.01079136690647482,0.0006436387041407423,0.00031819266565905654,2.6666666666666665,2.0,1.699673171197595,/group/ctbrowngrp5/sourmash-db.new/gtdb-rs226/gtdb-rs226-k51.dna.rocksdb,GCF_037229945.1 Prevotella sp.,f47dda9a64b108a69d859f2757d57b65,0.03597122302158273,30000,129,26630000,outputs.mapping/bams.cds.rand/SRR14369219.x.s__Prevotella sp000434975.fastq.gz,SRR14369219.x.s__Prevotella sp000434975,07a94e46,46610000,51,DNA,10000,4661,True,0.8864962041104325,0.9368830809618477,0.91168964253614,0.9368830809618477,False,8,19378,25142,d__Bacteria;p__Bacteroidota;c__Bacteroidia;o__Bacteroidales;f__Bacteroidaceae;g__Prevotella;s__Prevotella sp900553155
40000,0.0008581849388543231,0.01090909090909091,0.0006436387041407423,0.0003579667488664386,3.0,2.0,1.4142135623730951,/group/ctbrowngrp5/sourmash-db.new/gtdb-rs226/gtdb-rs226-k51.dna.rocksdb,GCF_003470215.1 Lachnospira eligens,4084f8c9d261330c98c9c9856658584e,0.014545454545454545,30000,130,26600000,outputs.mapping/bams.cds.rand/SRR14369219.x.s__Prevotella sp000434975.fastq.gz,SRR14369219.x.s__Prevotella sp000434975,07a94e46,46610000,51,DNA,10000,4661,True,0.8707112084613239,0.9203966834135253,0.8955539459374247,0.9203966834135253,True,9,19387,25142,d__Bacteria;p__Bacillota;c__Clostridia;o__Lachnospirales;f__Lachnospiraceae;g__Lachnospira;s__Lachnospira eligens_A
310000,0.006650933276121004,0.00847457627118644,0.0006436387041407423,0.00019887041603691035,1.6666666666666667,2.0,0.4714045207910317,/group/ctbrowngrp5/sourmash-db.new/gtdb-rs226/gtdb-rs226-k51.dna.rocksdb,GCF_009494875.1 Segatella copri,ba11e22d04fd066dce47bf8096b01f55,0.08757062146892655,30000,131,26570000,outputs.mapping/bams.cds.rand/SRR14369219.x.s__Prevotella sp000434975.fastq.gz,SRR14369219.x.s__Prevotella sp000434975,07a94e46,46610000,51,DNA,10000,4661,True,0.906382315434073,0.9533709841450024,0.9298766497895377,0.9533709841450024,False,5,19392,25142,d__Bacteria;p__Bacteroidota;c__Bacteroidia;o__Bacteroidales;f__Bacteroidaceae;g__Prevotella;s__Prevotella copri_F
180000,0.003861832224844454,0.010714285714285714,0.0006436387041407423,0.0003579667488664386,3.0,4.0,1.4142135623730951,/group/ctbrowngrp5/sourmash-db.new/gtdb-rs226/gtdb-rs226-k51.dna.rocksdb,GCA_958365605.1 uncultured Prevotella sp.,8ad8f1d94945f8180d91d6a2c2ff6711,0.06428571428571428,30000,132,26540000,outputs.mapping/bams.cds.rand/SRR14369219.x.s__Prevotella sp000434975.fastq.gz,SRR14369219.x.s__Prevotella sp000434975,07a94e46,46610000,51,DNA,10000,4661,True,0.8967723795121221,0.9476101318732565,0.9221912556926892,0.9476101318732565,False,9,19401,25142,d__Bacteria;p__Bacteroidota;c__Bacteroidia;o__Bacteroidales;f__Bacteroidaceae;g__Prevotella;s__Prevotella sp002251385
40000,0.0008581849388543231,0.011194029850746268,0.0006436387041407423,0.00031819266565905654,2.6666666666666665,3.0,1.247219128924647,/group/ctbrowngrp5/sourmash-db.new/gtdb-rs226/gtdb-rs226-k51.dna.rocksdb,GCA_034176215.1 Candidatus Cryptobacteroides sp.,5c046d3e2ce4fdfed822b10884c9f559,0.014925373134328358,30000,133,26510000,outputs.mapping/bams.cds.rand/SRR14369219.x.s__Prevotella sp000434975.fastq.gz,SRR14369219.x.s__Prevotella sp000434975,07a94e46,46610000,51,DNA,10000,4661,True,0.8707112084613239,0.9208621268632012,0.8957866676622626,0.9208621268632012,True,8,19409,25142,d__Bacteria;p__Bacteroidota;c__Bacteroidia;o__Bacteroidales;f__UBA932;g__Cryptobacteroides;s__Cryptobacteroides sp022777585
2160000,0.04634198669813345,0.011406844106463879,0.0006436387041407423,0.0003977408320738207,3.3333333333333335,2.0,2.6246692913372702,/group/ctbrowngrp5/sourmash-db.new/gtdb-rs226/gtdb-rs226-k51.dna.rocksdb,GCA_004558345.1 Bacteroidales bacterium,f5e53fa27f71e9805a64ed97610c4ab2,0.8212927756653993,30000,134,26480000,outputs.mapping/bams.cds.rand/SRR14369219.x.s__Prevotella sp000434975.fastq.gz,SRR14369219.x.s__Prevotella sp000434975,07a94e46,46610000,51,DNA,10000,4661,True,0.9415483793240491,0.996147135041541,0.968847757182795,0.996147135041541,False,10,19419,25142,d__Bacteria;p__Bacteroidota;c__Bacteroidia;o__Bacteroidales;f__Bacteroidaceae;g__Prevotella;s__Prevotella sp000434975
430000,0.009225488092683974,0.007125890736342043,0.0006436387041407423,0.0003579667488664386,3.0,3.0,0.0,/group/ctbrowngrp5/sourmash-db.new/gtdb-rs226/gtdb-rs226-k51.dna.rocksdb,GCF_032450655.1 Segatella copri,568b23bf1f32404b4333ff4f732a445a,0.1021377672209026,30000,135,26450000,outputs.mapping/bams.cds.rand/SRR14369219.x.s__Prevotella sp000434975.fastq.gz,SRR14369219.x.s__Prevotella sp000434975,07a94e46,46610000,51,DNA,10000,4661,True,0.9122163047235938,0.9562518350253009,0.9342340698744473,0.9562518350253009,False,9,19428,25142,d__Bacteria;p__Bacteroidota;c__Bacteroidia;o__Bacteroidales;f__Bacteroidaceae;g__Prevotella;s__Prevotella sp934191715
50000,0.001072731173567904,0.010344827586206896,0.0006436387041407423,0.00015909633282952827,1.3333333333333333,1.0,0.4714045207910317,/group/ctbrowngrp5/sourmash-db.new/gtdb-rs226/gtdb-rs226-k51.dna.rocksdb,GCF_000162015.1 Faecalibacterium duncaniae,56d26dc5686878ff1851b702acf0d980,0.017241379310344827,30000,136,26420000,outputs.mapping/bams.cds.rand/SRR14369219.x.s__Prevotella sp000434975.fastq.gz,SRR14369219.x.s__Prevotella sp000434975,07a94e46,46610000,51,DNA,10000,4661,True,0.8745292332533195,0.9234704020446912,0.8989998176490054,0.9234704020446912,True,4,19432,25142,d__Bacteria;p__Bacillota;c__Clostridia;o__Oscillospirales;f__Ruminococcaceae;g__Faecalibacterium;s__Faecalibacterium duncaniae
80000,0.0017163698777086461,0.010135135135135136,0.0006436387041407423,0.00011932224962214622,1.0,1.0,0.0,/group/ctbrowngrp5/sourmash-db.new/gtdb-rs226/gtdb-rs226-k51.dna.rocksdb,GCA_022775295.1 Prevotella sp.,caf609ec612775af080ac06a37714289,0.02702702702702703,30000,137,26390000,outputs.mapping/bams.cds.rand/SRR14369219.x.s__Prevotella sp000434975.fastq.gz,SRR14369219.x.s__Prevotella sp000434975,07a94e46,46610000,51,DNA,10000,4661,True,0.8826259338477538,0.9316460491565735,0.9071359915021636,0.9316460491565735,False,3,19435,25142,d__Bacteria;p__Bacteroidota;c__Bacteroidia;o__Bacteroidales;f__Bacteroidaceae;g__Prevotella;s__Prevotella sp016302965
240000,0.005149109633125939,0.0076726342710997444,0.0006436387041407423,0.00031819266565905654,2.6666666666666665,2.0,1.699673171197595,/group/ctbrowngrp5/sourmash-db.new/gtdb-rs226/gtdb-rs226-k51.dna.rocksdb,GCA_037065325.1 Prevotella sp.,56bcecd5e88544965ab5bd5f778bb741,0.061381074168797956,30000,138,26360000,outputs.mapping/bams.cds.rand/SRR14369219.x.s__Prevotella sp000434975.fastq.gz,SRR14369219.x.s__Prevotella sp000434975,07a94e46,46610000,51,DNA,10000,4661,True,0.9018452095471058,0.9467514311264712,0.9242983203367885,0.9467514311264712,False,8,19443,25142,d__Bacteria;p__Bacteroidota;c__Bacteroidia;o__Bacteroidales;f__Bacteroidaceae;g__Prevotella;s__Prevotella sp900767615
90000,0.001930916112422227,0.011029411764705883,0.0006436387041407423,0.0006761594145254952,5.666666666666667,7.0,2.6246692913372702,/group/ctbrowngrp5/sourmash-db.new/gtdb-rs226/gtdb-rs226-k51.dna.rocksdb,GCA_004553245.1 Bacteroidales bacterium,0619d4a72519c32a14509836e8d74c94,0.03308823529411765,30000,139,26330000,outputs.mapping/bams.cds.rand/SRR14369219.x.s__Prevotella sp000434975.fastq.gz,SRR14369219.x.s__Prevotella sp000434975,07a94e46,46610000,51,DNA,10000,4661,True,0.8846666887248115,0.9353496590299321,0.9100081738773718,0.9353496590299321,False,17,19460,25142,d__Bacteria;p__Bacteroidota;c__Bacteroidia;o__Bacteroidales;f__Bacteroidaceae;g__Prevotella;s__Prevotella sp900547005
80000,0.0017163698777086461,0.011673151750972763,0.0006436387041407423,0.00019887041603691035,1.6666666666666667,2.0,0.4714045207910317,/group/ctbrowngrp5/sourmash-db.new/gtdb-rs226/gtdb-rs226-k51.dna.rocksdb,GCF_028725285.1 Prevotellamassilia timonensis,c6d446d570a9ca970702094eb1f72e7e,0.0311284046692607,30000,140,26300000,outputs.mapping/bams.cds.rand/SRR14369219.x.s__Prevotella sp000434975.fastq.gz,SRR14369219.x.s__Prevotella sp000434975,07a94e46,46610000,51,DNA,10000,4661,True,0.8826259338477538,0.9342305311331499,0.9084282324904518,0.9342305311331499,False,5,19465,25142,d__Bacteria;p__Bacteroidota;c__Bacteroidia;o__Bacteroidales;f__Bacteroidaceae;g__Alloprevotella;s__Alloprevotella timonensis
480000,0.010298219266251877,0.00847457627118644,0.0006436387041407423,0.001034126163391934,8.666666666666666,9.0,3.681787005729087,/group/ctbrowngrp5/sourmash-db.new/gtdb-rs226/gtdb-rs226-k51.dna.rocksdb,GCF_009695805.1 Segatella copri,6f25906e0e1c5453cea90d748e2b732d,0.13559322033898305,30000,141,26270000,outputs.mapping/bams.cds.rand/SRR14369219.x.s__Prevotella sp000434975.fastq.gz,SRR14369219.x.s__Prevotella sp000434975,07a94e46,46610000,51,DNA,10000,4661,True,0.9141859695010398,0.9615791952178193,0.9378825823594296,0.9615791952178193,False,26,19491,25142,d__Bacteria;p__Bacteroidota;c__Bacteroidia;o__Bacteroidales;f__Bacteroidaceae;g__Prevotella;s__Prevotella copri
30000,0.0006436387041407423,0.020689655172413793,0.0006436387041407423,0.00019887041603691035,1.6666666666666667,2.0,0.4714045207910317,/group/ctbrowngrp5/sourmash-db.new/gtdb-rs226/gtdb-rs226-k51.dna.rocksdb,GCA_004554845.1 Bacteroidales bacterium,1afd5445afb65eb502389bd9d2ed5afc,0.020689655172413793,30000,142,26240000,outputs.mapping/bams.cds.rand/SRR14369219.x.s__Prevotella sp000434975.fastq.gz,SRR14369219.x.s__Prevotella sp000434975,07a94e46,46610000,51,DNA,10000,4661,True,0.8658135054815657,0.9267776544647602,0.8962955799731629,0.9267776544647602,True,5,19496,25142,d__Bacteria;p__Bacteroidota;c__Bacteroidia;o__Bacteroidales;f__UBA932;g__Cryptobacteroides;s__Cryptobacteroides sp900546445
2190000,0.04698562540227419,0.012875536480686695,0.0006436387041407423,0.00023864449924429243,2.0,2.0,0.816496580927726,/group/ctbrowngrp5/sourmash-db.new/gtdb-rs226/gtdb-rs226-k51.dna.rocksdb,GCA_028727125.1 Leyella stercorea,8443e04ab4ead8c11a1beea3731663df,0.9399141630901288,30000,143,26210000,outputs.mapping/bams.cds.rand/SRR14369219.x.s__Prevotella sp000434975.fastq.gz,SRR14369219.x.s__Prevotella sp000434975,07a94e46,46610000,51,DNA,10000,4661,True,0.9418030623923397,0.9987857040556927,0.9702943832240162,0.9987857040556927,False,6,19502,25142,d__Bacteria;p__Bacteroidota;c__Bacteroidia;o__Bacteroidales;f__Bacteroidaceae;g__Prevotella;s__Prevotella sp000434975
40000,0.0008581849388543231,0.015625,0.0006436387041407423,0.0003977408320738207,3.3333333333333335,3.0,0.4714045207910317,/group/ctbrowngrp5/sourmash-db.new/gtdb-rs226/gtdb-rs226-k51.dna.rocksdb,GCA_945977245.1 uncultured Bacteroidales bacterium,1f6d88fc750c37a0eac11c1ffb6aefa6,0.020833333333333332,30000,144,26180000,outputs.mapping/bams.cds.rand/SRR14369219.x.s__Prevotella sp000434975.fastq.gz,SRR14369219.x.s__Prevotella sp000434975,07a94e46,46610000,51,DNA,10000,4661,True,0.8707112084613239,0.9269034220522349,0.8988073152567794,0.9269034220522349,True,10,19512,25142,d__Bacteria;p__Bacteroidota;c__Bacteroidia;o__Bacteroidales;f__Bacteroidaceae;g__Physcousia;s__Physcousia sp900543815
390000,0.00836730315382965,0.009259259259259259,0.0006436387041407423,0.0003977408320738207,3.3333333333333335,3.0,1.247219128924647,/group/ctbrowngrp5/sourmash-db.new/gtdb-rs226/gtdb-rs226-k51.dna.rocksdb,GCA_019409795.1 Prevotella sp.,2ca742dea9c4bc6ccd9b459481ba55e6,0.12037037037037036,30000,145,26150000,outputs.mapping/bams.cds.rand/SRR14369219.x.s__Prevotella sp000434975.fastq.gz,SRR14369219.x.s__Prevotella sp000434975,07a94e46,46610000,51,DNA,10000,4661,True,0.9104715557154639,0.9593365089329486,0.9349040323242063,0.9593365089329486,False,10,19522,25142,d__Bacteria;p__Bacteroidota;c__Bacteroidia;o__Bacteroidales;f__Bacteroidaceae;g__Prevotella;s__Prevotella copri
30000,0.0006436387041407423,0.007731958762886598,0.0006436387041407423,0.00011932224962214622,1.0,1.0,0.0,/group/ctbrowngrp5/sourmash-db.new/gtdb-rs226/gtdb-rs226-k51.dna.rocksdb,GCF_002302065.1 Clostridioides difficile,4791ba81b2e50e4c19e5e89b9b3af733,0.007731958762886598,30000,146,26120000,outputs.mapping/bams.cds.rand/SRR14369219.x.s__Prevotella sp000434975.fastq.gz,SRR14369219.x.s__Prevotella sp000434975,07a94e46,46610000,51,DNA,10000,4661,True,0.8658135054815657,0.9090628546051776,0.8874381800433716,0.9090628546051776,True,3,19525,25142,d__Bacteria;p__Bacillota;c__Clostridia;o__Peptostreptococcales;f__Peptostreptococcaceae;g__Clostridioides;s__Clostridioides difficile
500000,0.010727311735679038,0.008982035928143712,0.0006436387041407423,0.00023864449924429243,2.0,2.0,0.816496580927726,/group/ctbrowngrp5/sourmash-db.new/gtdb-rs226/gtdb-rs226-k51.dna.rocksdb,GCA_036837445.1 Bacteroidaceae bacterium,2f1fe960ed4b502280143287999e9d4d,0.1497005988023952,30000,147,26090000,outputs.mapping/bams.cds.rand/SRR14369219.x.s__Prevotella sp000434975.fastq.gz,SRR14369219.x.s__Prevotella sp000434975,07a94e46,46610000,51,DNA,10000,4661,True,0.9149180054662999,0.9634471857774841,0.939182595621892,0.9634471857774841,False,6,19531,25142,d__Bacteria;p__Bacteroidota;c__Bacteroidia;o__Bacteroidales;f__Bacteroidaceae;g__Prevotella;s__Prevotella sp900313215
90000,0.001930916112422227,0.012048192771084338,0.0006436387041407423,0.00015909633282952827,1.3333333333333333,1.0,0.4714045207910317,/group/ctbrowngrp5/sourmash-db.new/gtdb-rs226/gtdb-rs226-k51.dna.rocksdb,GCA_946410315.1 uncultured Bacteroidales bacterium,3d290264463f7ffaaad15f726b6a7acb,0.03614457831325301,30000,148,26060000,outputs.mapping/bams.cds.rand/SRR14369219.x.s__Prevotella sp000434975.fastq.gz,SRR14369219.x.s__Prevotella sp000434975,07a94e46,46610000,51,DNA,10000,4661,True,0.8846666887248115,0.9369714038357525,0.910819046280282,0.9369714038357525,False,4,19535,25142,d__Bacteria;p__Bacteroidota;c__Bacteroidia;o__Bacteroidales;f__Muribaculaceae;g__Limisoma;s__Limisoma sp000437795
440000,0.009440034327397553,0.01282051282051282,0.0006436387041407423,0.00019887041603691035,1.6666666666666667,1.0,0.9428090415820634,/group/ctbrowngrp5/sourmash-db.new/gtdb-rs226/gtdb-rs226-k51.dna.rocksdb,GCA_946408415.1 uncultured Prevotella sp.,2ade0dab984f9b8f8b15938683c2a7b3,0.18803418803418803,30000,149,26030000,outputs.mapping/bams.cds.rand/SRR14369219.x.s__Prevotella sp000434975.fastq.gz,SRR14369219.x.s__Prevotella sp000434975,07a94e46,46610000,51,DNA,10000,4661,True,0.9126276016013517,0.9677637475424519,0.9401956745719018,0.9677637475424519,False,5,19540,25142,d__Bacteria;p__Bacteroidota;c__Bacteroidia;o__Bacteroidales;f__Bacteroidaceae;g__Prevotella;s__Prevotella sp905193385
120000,0.0025745548165629693,0.010830324909747292,0.0006436387041407423,0.00023864449924429243,2.0,2.0,0.816496580927726,/group/ctbrowngrp5/sourmash-db.new/gtdb-rs226/gtdb-rs226-k51.dna.rocksdb,GCA_004557945.1 Bacteroidales bacterium,09e14cec75f525839d7e831d2f205eca,0.04332129963898917,30000,150,26000000,outputs.mapping/bams.cds.rand/SRR14369219.x.s__Prevotella sp000434975.fastq.gz,SRR14369219.x.s__Prevotella sp000434975,07a94e46,46610000,51,DNA,10000,4661,True,0.8896710397196028,0.9403048072362106,0.9149879234779067,0.9403048072362106,False,6,19546,25142,d__Bacteria;p__Bacteroidota;c__Bacteroidia;o__Bacteroidales;f__Muribaculaceae;g__Sodaliphilus;s__Sodaliphilus sp004557565
190000,0.004076378459558035,0.01171875,0.0006436387041407423,0.00023864449924429243,2.0,2.0,0.816496580927726,/group/ctbrowngrp5/sourmash-db.new/gtdb-rs226/gtdb-rs226-k51.dna.rocksdb,GCA_034119185.1 Prevotella sp.,0d0834663a42d5ffb4998c21ec8c64d7,0.07421875,30000,151,25970000,outputs.mapping/bams.cds.rand/SRR14369219.x.s__Prevotella sp000434975.fastq.gz,SRR14369219.x.s__Prevotella sp000434975,07a94e46,46610000,51,DNA,10000,4661,True,0.8977235893310339,0.9502835436985405,0.9240035665147872,0.9502835436985405,False,6,19552,25142,d__Bacteria;p__Bacteroidota;c__Bacteroidia;o__Bacteroidales;f__Bacteroidaceae;g__Prevotella;s__Prevotella sp900552675
150000,0.0032181935207037118,0.00949367088607595,0.0006436387041407423,0.00023864449924429243,2.0,2.0,0.0,/group/ctbrowngrp5/sourmash-db.new/gtdb-rs226/gtdb-rs226-k51.dna.rocksdb,GCA_902386825.1 Prevotellaceae bacterium,1a5d90b2336d043d042846b5183388bb,0.04746835443037975,30000,152,25940000,outputs.mapping/bams.cds.rand/SRR14369219.x.s__Prevotella sp000434975.fastq.gz,SRR14369219.x.s__Prevotella sp000434975,07a94e46,46610000,51,DNA,10000,4661,True,0.8935722024166727,0.9419918399549826,0.9177820211858276,0.9419918399549826,False,6,19558,25142,d__Bacteria;p__Bacteroidota;c__Bacteroidia;o__Bacteroidales;f__Bacteroidaceae;g__Alloprevotella;s__Alloprevotella timonensis
630000,0.01351641278695559,0.009615384615384616,0.0006436387041407423,0.00031819266565905654,2.6666666666666665,1.0,2.3570226039551585,/group/ctbrowngrp5/sourmash-db.new/gtdb-rs226/gtdb-rs226-k51.dna.rocksdb,GCF_034114725.1 Prevotella sp.,c9729795b96810c2e5e7d04a0bfcb7d9,0.20192307692307693,30000,153,25910000,outputs.mapping/bams.cds.rand/SRR14369219.x.s__Prevotella sp000434975.fastq.gz,SRR14369219.x.s__Prevotella sp000434975,07a94e46,46610000,51,DNA,10000,4661,True,0.9190734583889002,0.9691169627029942,0.9440952105459472,0.9691169627029942,False,8,19566,25142,d__Bacteria;p__Bacteroidota;c__Bacteroidia;o__Bacteroidales;f__Bacteroidaceae;g__Prevotella;s__Prevotella sp905193385
30000,0.0006436387041407423,0.015,0.0006436387041407423,0.00011932224962214622,1.0,1.0,0.0,/group/ctbrowngrp5/sourmash-db.new/gtdb-rs226/gtdb-rs226-k51.dna.rocksdb,GCA_022785085.1 Oscillospiraceae bacterium,7f01ce29126d867e051f4551d74ce498,0.015,30000,154,25880000,outputs.mapping/bams.cds.rand/SRR14369219.x.s__Prevotella sp000434975.fastq.gz,SRR14369219.x.s__Prevotella sp000434975,07a94e46,46610000,51,DNA,10000,4661,True,0.8658135054815657,0.9209521869155373,0.8933828461985515,0.9209521869155373,True,3,19569,25142,d__Bacteria;p__Bacillota;c__Clostridia;o__Oscillospirales;f__Acutalibacteraceae;g__CAG-177;s__CAG-177 sp003514385
2120000,0.04548380175927912,0.012552301255230125,0.0006436387041407423,0.0004375149152812028,3.6666666666666665,3.0,2.494438257849294,/group/ctbrowngrp5/sourmash-db.new/gtdb-rs226/gtdb-rs226-k51.dna.rocksdb,GCA_022774005.1 Prevotella sp.,255448f256e2d180db90e83fa4bd8d66,0.8870292887029289,30000,155,25850000,outputs.mapping/bams.cds.rand/SRR14369219.x.s__Prevotella sp000434975.fastq.gz,SRR14369219.x.s__Prevotella sp000434975,07a94e46,46610000,51,DNA,10000,4661,True,0.9412033533885318,0.9976522254956258,0.9694277894420789,0.9976522254956258,False,11,19580,25142,d__Bacteria;p__Bacteroidota;c__Bacteroidia;o__Bacteroidales;f__Bacteroidaceae;g__Prevotella;s__Prevotella sp000434975
210000,0.004505470928985196,0.012195121951219513,0.0006436387041407423,0.0003977408320738207,3.3333333333333335,4.0,0.9428090415820634,/group/ctbrowngrp5/sourmash-db.new/gtdb-rs226/gtdb-rs226-k51.dna.rocksdb,GCA_037364905.1 Prevotella sp.,d0ff40de175a22d2b68dfa5bb198665b,0.08536585365853659,30000,156,25820000,outputs.mapping/bams.cds.rand/SRR14369219.x.s__Prevotella sp000434975.fastq.gz,SRR14369219.x.s__Prevotella sp000434975,07a94e46,46610000,51,DNA,10000,4661,True,0.8994870304767268,0.9528944292100234,0.9261907298433751,0.9528944292100234,False,10,19590,25142,d__Bacteria;p__Bacteroidota;c__Bacteroidia;o__Bacteroidales;f__Bacteroidaceae;g__Prevotella;s__Prevotella sp002299635
2080000,0.044625616820424804,0.013574660633484163,0.0006436387041407423,0.000517063081695967,4.333333333333333,5.0,2.494438257849294,/group/ctbrowngrp5/sourmash-db.new/gtdb-rs226/gtdb-rs226-k51.dna.rocksdb,GCA_945607915.1 uncultured Bacteroidales bacterium,0c16ea0a0a815cc1dc044a5ffc4c2ac0,0.9411764705882353,30000,157,25790000,outputs.mapping/bams.cds.rand/SRR14369219.x.s__Prevotella sp000434975.fastq.gz,SRR14369219.x.s__Prevotella sp000434975,07a94e46,46610000,51,DNA,10000,4661,True,0.940851885205065,0.9988119881706287,0.9698319366878468,0.9988119881706287,False,13,19603,25142,d__Bacteria;p__Bacteroidota;c__Bacteroidia;o__Bacteroidales;f__Bacteroidaceae;g__Prevotella;s__Prevotella sp000434975
230000,0.004934563398412358,0.008797653958944282,0.0006436387041407423,0.0013523188290509903,11.333333333333334,14.0,4.4969125210773475,/group/ctbrowngrp5/sourmash-db.new/gtdb-rs226/gtdb-rs226-k51.dna.rocksdb,GCA_022732175.1 Prevotella sp.,c15e3fbec1ab69a1dcf4431919d57f0f,0.06744868035190615,30000,158,25760000,outputs.mapping/bams.cds.rand/SRR14369219.x.s__Prevotella sp000434975.fastq.gz,SRR14369219.x.s__Prevotella sp000434975,07a94e46,46610000,51,DNA,10000,4661,True,0.9010929316289058,0.9485029702715703,0.924797950950238,0.9485029702715703,False,34,19637,25142,d__Bacteria;p__Bacteroidota;c__Bacteroidia;o__Bacteroidales;f__Bacteroidaceae;g__Prevotella;s__Prevotella sp022741625
2350000,0.050418365157691485,0.011764705882352941,0.0006436387041407423,0.0002784185824516745,2.3333333333333335,1.0,1.8856180831641267,/group/ctbrowngrp5/sourmash-db.new/gtdb-rs226/gtdb-rs226-k51.dna.rocksdb,GCA_034112725.1 Prevotella sp.,30bf265ddc53fb263b01d45ac3c44212,0.9215686274509803,30000,159,25730000,outputs.mapping/bams.cds.rand/SRR14369219.x.s__Prevotella sp000434975.fastq.gz,SRR14369219.x.s__Prevotella sp000434975,07a94e46,46610000,51,DNA,10000,4661,True,0.9431061217895673,0.9983997517449618,0.9707529367672645,0.9983997517449618,False,7,19644,25142,d__Bacteria;p__Bacteroidota;c__Bacteroidia;o__Bacteroidales;f__Bacteroidaceae;g__Prevotella;s__Prevotella sp000434975
300000,0.0064363870414074235,0.009771986970684038,0.0006436387041407423,0.0007557075809402593,6.333333333333333,2.0,6.847546194724712,/group/ctbrowngrp5/sourmash-db.new/gtdb-rs226/gtdb-rs226-k51.dna.rocksdb,GCA_958423565.1 uncultured Prevotella sp.,87041b4e375655f004669dcdadcd0009,0.09771986970684039,30000,160,25700000,outputs.mapping/bams.cds.rand/SRR14369219.x.s__Prevotella sp000434975.fastq.gz,SRR14369219.x.s__Prevotella sp000434975,07a94e46,46610000,51,DNA,10000,4661,True,0.9057997553656649,0.9554231118441832,0.930611433604924,0.9554231118441832,False,19,19663,25142,d__Bacteria;p__Bacteroidota;c__Bacteroidia;o__Bacteroidales;f__Bacteroidaceae;g__Prevotella;s__Prevotella sp000436915
420000,0.009010941857970392,0.00949367088607595,0.0006436387041407423,0.00047728899848858487,4.0,4.0,0.816496580927726,/group/ctbrowngrp5/sourmash-db.new/gtdb-rs226/gtdb-rs226-k51.dna.rocksdb,GCA_905200085.1 uncultured Prevotella sp.,d3f83c29173e0740237f87084a554a13,0.13291139240506328,30000,161,25670000,outputs.mapping/bams.cds.rand/SRR14369219.x.s__Prevotella sp000434975.fastq.gz,SRR14369219.x.s__Prevotella sp000434975,07a94e46,46610000,51,DNA,10000,4661,True,0.9117955213433188,0.9612026185349023,0.9364990699391105,0.9612026185349023,False,12,19675,25142,d__Bacteria;p__Bacteroidota;c__Bacteroidia;o__Bacteroidales;f__Bacteroidaceae;g__Prevotella;s__Prevotella sp900313215
600000,0.012872774082814847,0.009009009009009009,0.0006436387041407423,0.0009148039137697876,7.666666666666667,2.0,8.73053390247253,/group/ctbrowngrp5/sourmash-db.new/gtdb-rs226/gtdb-rs226-k51.dna.rocksdb,GCF_958422095.1 uncultured Prevotella sp.,1514714af17f5fea6e2c25d35eb207dc,0.18018018018018017,30000,162,25640000,outputs.mapping/bams.cds.rand/SRR14369219.x.s__Prevotella sp000434975.fastq.gz,SRR14369219.x.s__Prevotella sp000434975,07a94e46,46610000,51,DNA,10000,4661,True,0.9181946289304016,0.9669544578793215,0.9425745434048616,0.9669544578793215,False,23,19698,25142,d__Bacteria;p__Bacteroidota;c__Bacteroidia;o__Bacteroidales;f__Bacteroidaceae;g__Prevotella;s__Prevotella sp905193385
540000,0.011585496674533362,0.00911854103343465,0.0006436387041407423,0.0006761594145254952,5.666666666666667,5.0,3.2998316455372216,/group/ctbrowngrp5/sourmash-db.new/gtdb-rs226/gtdb-rs226-k51.dna.rocksdb,GCA_900757625.1 uncultured Prevotella sp.,535fd2e18f761d638e7cb11e44fe43b2,0.1641337386018237,30000,163,25610000,outputs.mapping/bams.cds.rand/SRR14369219.x.s__Prevotella sp000434975.fastq.gz,SRR14369219.x.s__Prevotella sp000434975,07a94e46,46610000,51,DNA,10000,4661,True,0.9162996956043098,0.9651875755447306,0.9407436355745202,0.9651875755447306,False,17,19715,25142,d__Bacteria;p__Bacteroidota;c__Bacteroidia;o__Bacteroidales;f__Bacteroidaceae;g__Prevotella;s__Prevotella sp900546535
30000,0.0006436387041407423,0.011152416356877323,0.0006436387041407423,0.0002784185824516745,2.3333333333333335,1.0,1.8856180831641267,/group/ctbrowngrp5/sourmash-db.new/gtdb-rs226/gtdb-rs226-k51.dna.rocksdb,GCF_014384985.1 Jutongia huaianensis,f8ec488c282e51882508360296d21d00,0.011152416356877323,30000,164,25580000,outputs.mapping/bams.cds.rand/SRR14369219.x.s__Prevotella sp000434975.fastq.gz,SRR14369219.x.s__Prevotella sp000434975,07a94e46,46610000,51,DNA,10000,4661,True,0.8658135054815657,0.915615460218859,0.8907144828502123,0.915615460218859,True,7,19722,25142,d__Bacteria;p__Bacillota;c__Clostridia;o__Lachnospirales;f__Lachnospiraceae;g__Jutongia;s__Jutongia huaianensis
120000,0.0025745548165629693,0.009036144578313253,0.0006436387041407423,0.0002784185824516745,2.3333333333333335,2.0,1.247219128924647,/group/ctbrowngrp5/sourmash-db.new/gtdb-rs226/gtdb-rs226-k51.dna.rocksdb,GCF_937926765.1 uncultured Prevotella sp.,5e3230cc17836bfb79ed989105e2efab,0.03614457831325301,30000,165,25550000,outputs.mapping/bams.cds.rand/SRR14369219.x.s__Prevotella sp000434975.fastq.gz,SRR14369219.x.s__Prevotella sp000434975,07a94e46,46610000,51,DNA,10000,4661,True,0.8896710397196028,0.9369714038357525,0.9133212217776776,0.9369714038357525,False,7,19729,25142,d__Bacteria;p__Bacteroidota;c__Bacteroidia;o__Bacteroidales;f__Bacteroidaceae;g__Prevotella;s__Prevotella sp900548745
2330000,0.04998927268826432,0.012096774193548387,0.0006436387041407423,0.0003579667488664386,3.0,3.0,0.816496580927726,/group/ctbrowngrp5/sourmash-db.new/gtdb-rs226/gtdb-rs226-k51.dna.rocksdb,GCA_034099625.1 Prevotella sp.,b8d8e937aff5e7c759910ff85155414c,0.9395161290322581,30000,166,25520000,outputs.mapping/bams.cds.rand/SRR14369219.x.s__Prevotella sp000434975.fastq.gz,SRR14369219.x.s__Prevotella sp000434975,07a94e46,46610000,51,DNA,10000,4661,True,0.9429480804220886,0.9987774089036269,0.9708627446628577,0.9987774089036269,False,9,19738,25142,d__Bacteria;p__Bacteroidota;c__Bacteroidia;o__Bacteroidales;f__Bacteroidaceae;g__Prevotella;s__Prevotella sp000434975
360000,0.007723664449688908,0.012711864406779662,0.0006436387041407423,0.0006363853313181131,5.333333333333333,2.0,4.714045207910317,/group/ctbrowngrp5/sourmash-db.new/gtdb-rs226/gtdb-rs226-k51.dna.rocksdb,GCA_946412345.1 uncultured Prevotella sp.,fd9fac15ef3e79f499215b5d60877809,0.15254237288135594,30000,167,25490000,outputs.mapping/bams.cds.rand/SRR14369219.x.s__Prevotella sp000434975.fastq.gz,SRR14369219.x.s__Prevotella sp000434975,07a94e46,46610000,51,DNA,10000,4661,True,0.9090437233655035,0.9638025011020723,0.9364231122337879,0.9638025011020723,False,16,19754,25142,d__Bacteria;p__Bacteroidota;c__Bacteroidia;o__Bacteroidales;f__Bacteroidaceae;g__Prevotella;s__Prevotella sp900313215
40000,0.0008581849388543231,0.016216216216216217,0.0006436387041407423,0.00019887041603691035,1.6666666666666667,2.0,0.4714045207910317,/group/ctbrowngrp5/sourmash-db.new/gtdb-rs226/gtdb-rs226-k51.dna.rocksdb,GCA_946055035.1 uncultured Bacteroidales bacterium,dd49f2bdad67b45cfd7dfde54197940e,0.021621621621621623,30000,168,25460000,outputs.mapping/bams.cds.rand/SRR14369219.x.s__Prevotella sp000434975.fastq.gz,SRR14369219.x.s__Prevotella sp000434975,07a94e46,46610000,51,DNA,10000,4661,True,0.8707112084613239,0.9275786634388747,0.8991449359500994,0.9275786634388747,True,5,19759,25142,d__Bacteria;p__Bacteroidota;c__Bacteroidia;o__Bacteroidales;f__Bacteroidaceae;g__Prevotella;s__Prevotella sp004557285
40000,0.0008581849388543231,0.01060070671378092,0.0006436387041407423,0.00023864449924429243,2.0,1.0,1.4142135623730951,/group/ctbrowngrp5/sourmash-db.new/gtdb-rs226/gtdb-rs226-k51.dna.rocksdb,GCA_022773355.1 Muribaculaceae bacterium,a966da785e65d0a407fe95c2adc9274d,0.014134275618374558,30000,169,25430000,outputs.mapping/bams.cds.rand/SRR14369219.x.s__Prevotella sp000434975.fastq.gz,SRR14369219.x.s__Prevotella sp000434975,07a94e46,46610000,51,DNA,10000,4661,True,0.8707112084613239,0.9198793168929729,0.8952952626771484,0.9198793168929729,True,6,19765,25142,d__Bacteria;p__Bacteroidota;c__Bacteroidia;o__Bacteroidales;f__Muribaculaceae;g__Sodaliphilus;s__Sodaliphilus pleomorphus
350000,0.007509118214975327,0.010273972602739725,0.0006436387041407423,0.0003579667488664386,3.0,3.0,1.632993161855452,/group/ctbrowngrp5/sourmash-db.new/gtdb-rs226/gtdb-rs226-k51.dna.rocksdb,GCA_021153385.1 Prevotella sp.,b264b72d9637e7b59d33d1acbd9c5585,0.11986301369863013,30000,170,25400000,outputs.mapping/bams.cds.rand/SRR14369219.x.s__Prevotella sp000434975.fastq.gz,SRR14369219.x.s__Prevotella sp000434975,07a94e46,46610000,51,DNA,10000,4661,True,0.9085417334147434,0.9592570590118633,0.9338993962133033,0.9592570590118633,False,9,19774,25142,d__Bacteria;p__Bacteroidota;c__Bacteroidia;o__Bacteroidales;f__Bacteroidaceae;g__Prevotella;s__Prevotella copri
40000,0.0008581849388543231,0.01675977653631285,0.0006436387041407423,0.00011932224962214622,1.0,1.0,0.0,/group/ctbrowngrp5/sourmash-db.new/gtdb-rs226/gtdb-rs226-k51.dna.rocksdb,GCA_037372985.1 bacterium,534e5882740c5c8924cda696ba63772a,0.0223463687150838,30000,171,25370000,outputs.mapping/bams.cds.rand/SRR14369219.x.s__Prevotella sp000434975.fastq.gz,SRR14369219.x.s__Prevotella sp000434975,07a94e46,46610000,51,DNA,10000,4661,True,0.8707112084613239,0.9281785099837485,0.8994448592225361,0.9281785099837485,True,3,19777,25142,d__Bacteria;p__Bacillota;c__Clostridia;o__Oscillospirales;f__CAG-272;g__CAG-841;s__CAG-841 sp000437375
60000,0.0012872774082814847,0.01107011070110701,0.0006436387041407423,0.00015909633282952827,1.3333333333333333,1.0,0.4714045207910317,/group/ctbrowngrp5/sourmash-db.new/gtdb-rs226/gtdb-rs226-k51.dna.rocksdb,GCA_034168365.1 Prevotella sp.,d994b069a816b0d3f9999c4245e1f3d9,0.02214022140221402,30000,172,25340000,outputs.mapping/bams.cds.rand/SRR14369219.x.s__Prevotella sp000434975.fastq.gz,SRR14369219.x.s__Prevotella sp000434975,07a94e46,46610000,51,DNA,10000,4661,True,0.8776612111886104,0.9280098533077716,0.902835532248191,0.9280098533077716,True,4,19781,25142,d__Bacteria;p__Bacteroidota;c__Bacteroidia;o__Bacteroidales;f__Bacteroidaceae;g__Prevotella;s__Prevotella sp902496445
520000,0.011156404205106201,0.008450704225352112,0.0006436387041407423,0.0013920929122583725,11.666666666666666,1.0,15.084944665313014,/group/ctbrowngrp5/sourmash-db.new/gtdb-rs226/gtdb-rs226-k51.dna.rocksdb,GCF_029348455.1 Prevotella sp. B2-R-102,d6c88b7f380b00339c4ed251229efed4,0.14647887323943662,30000,173,25310000,outputs.mapping/bams.cds.rand/SRR14369219.x.s__Prevotella sp000434975.fastq.gz,SRR14369219.x.s__Prevotella sp000434975,07a94e46,46610000,51,DNA,10000,4661,True,0.9156218787621488,0.963036276619289,0.9393290776907189,0.963036276619289,False,35,19816,25142,d__Bacteria;p__Bacteroidota;c__Bacteroidia;o__Bacteroidales;f__Bacteroidaceae;g__Prevotella;s__Prevotella sp900313215
2390000,0.0512765500965458,0.011320754716981131,0.0006436387041407423,0.00011932224962214622,1.0,1.0,0.0,/group/ctbrowngrp5/sourmash-db.new/gtdb-rs226/gtdb-rs226-k51.dna.rocksdb,GCA_034117245.1 Prevotella sp.,17f60869cc2aff7f0ea381ab2117988d,0.9018867924528302,30000,174,25280000,outputs.mapping/bams.cds.rand/SRR14369219.x.s__Prevotella sp000434975.fastq.gz,SRR14369219.x.s__Prevotella sp000434975,07a94e46,46610000,51,DNA,10000,4661,True,0.9434182867892158,0.9979772196800997,0.9706977532346577,0.9979772196800997,False,3,19819,25142,d__Bacteria;p__Bacteroidota;c__Bacteroidia;o__Bacteroidales;f__Bacteroidaceae;g__Prevotella;s__Prevotella sp000434975
30000,0.0006436387041407423,0.007772020725388601,0.0006436387041407423,0.0008352557473550235,7.0,7.0,4.898979485566356,/group/ctbrowngrp5/sourmash-db.new/gtdb-rs226/gtdb-rs226-k51.dna.rocksdb,GCA_037361985.1 bacterium,8715f97143cd823531eb469c5fb977d6,0.007772020725388601,30000,175,25250000,outputs.mapping/bams.cds.rand/SRR14369219.x.s__Prevotella sp000434975.fastq.gz,SRR14369219.x.s__Prevotella sp000434975,07a94e46,46610000,51,DNA,10000,4661,True,0.8658135054815657,0.90915497710996,0.8874842412957629,0.90915497710996,True,21,19840,25142,d__Bacteria;p__Verrucomicrobiota;c__Kiritimatiellia;o__RFP12;f__UBA1067;g__RUG572;s__RUG572 sp900547945
490000,0.010512765500965459,0.011363636363636364,0.0006436387041407423,0.0007557075809402593,6.333333333333333,2.0,6.847546194724712,/group/ctbrowngrp5/sourmash-db.new/gtdb-rs226/gtdb-rs226-k51.dna.rocksdb,GCF_008680225.1 Prevotella sp. LMAG:51,0d801736f5debf09a3e2dd438a541476,0.1856060606060606,30000,176,25220000,outputs.mapping/bams.cds.rand/SRR14369219.x.s__Prevotella sp000434975.fastq.gz,SRR14369219.x.s__Prevotella sp000434975,07a94e46,46610000,51,DNA,10000,4661,True,0.9145556493848219,0.9675171448770374,0.9410363971309297,0.9675171448770374,False,19,19859,25142,d__Bacteria;p__Bacteroidota;c__Bacteroidia;o__Bacteroidales;f__Bacteroidaceae;g__Prevotella;s__Prevotella pectinovora
140000,0.003003647285990131,0.011406844106463879,0.0006436387041407423,0.00019887041603691035,1.6666666666666667,2.0,0.4714045207910317,/group/ctbrowngrp5/sourmash-db.new/gtdb-rs226/gtdb-rs226-k51.dna.rocksdb,GCA_028720165.1 Prevotella sp.,c3790706e62a5b4892239827db9341da,0.053231939163498096,30000,177,25190000,outputs.mapping/bams.cds.rand/SRR14369219.x.s__Prevotella sp000434975.fastq.gz,SRR14369219.x.s__Prevotella sp000434975,07a94e46,46610000,51,DNA,10000,4661,True,0.8923641939707068,0.9441108441774878,0.9182375190740972,0.9441108441774878,False,5,19864,25142,d__Bacteria;p__Bacteroidota;c__Bacteroidia;o__Bacteroidales;f__Bacteroidaceae;g__Prevotella;s__Prevotella sp900548195
540000,0.011585496674533362,0.008287292817679558,0.0006436387041407423,0.005091082650544905,42.666666666666664,7.0,54.73775865179559,/group/ctbrowngrp5/sourmash-db.new/gtdb-rs226/gtdb-rs226-k51.dna.rocksdb,GCA_963624365.1 Clostridium fessum,bf123ab37fc65b0547638e481e89771c,0.14917127071823205,30000,178,25160000,outputs.mapping/bams.cds.rand/SRR14369219.x.s__Prevotella sp000434975.fastq.gz,SRR14369219.x.s__Prevotella sp000434975,07a94e46,46610000,51,DNA,10000,4661,True,0.9162996956043098,0.9633802723924226,0.9398399839983662,0.9633802723924226,False,128,19992,25142,d__Bacteria;p__Bacteroidota;c__Bacteroidia;o__Bacteroidales;f__Bacteroidaceae;g__Prevotella;s__Prevotella sp900313215
280000,0.006007294571980262,0.007246376811594203,0.0006436387041407423,0.000556837164903349,4.666666666666667,2.0,3.7712361663282534,/group/ctbrowngrp5/sourmash-db.new/gtdb-rs226/gtdb-rs226-k51.dna.rocksdb,GCA_021636625.1 Prevotella sp.,5b8d7f059236a55fa7ac2a7a79cdea2a,0.06763285024154589,30000,179,25130000,outputs.mapping/bams.cds.rand/SRR14369219.x.s__Prevotella sp000434975.fastq.gz,SRR14369219.x.s__Prevotella sp000434975,07a94e46,46610000,51,DNA,10000,4661,True,0.9045752166525355,0.9485536848767748,0.9265644507646551,0.9485536848767748,False,14,20006,25142,d__Bacteria;p__Bacteroidota;c__Bacteroidia;o__Bacteroidales;f__Bacteroidaceae;g__Prevotella;s__Prevotella sp021636625
20000,0.00042909246942716153,0.00980392156862745,0.00042909246942716153,0.00015909633282952827,2.0,2.0,1.0,/group/ctbrowngrp5/sourmash-db.new/gtdb-rs226/gtdb-rs226-k51.dna.rocksdb,GCA_945949415.1 uncultured Bacteroidales bacterium,ee2ec0942fc7b9b9a77c4d0545df4951,0.00980392156862745,20000,180,25110000,outputs.mapping/bams.cds.rand/SRR14369219.x.s__Prevotella sp000434975.fastq.gz,SRR14369219.x.s__Prevotella sp000434975,07a94e46,46610000,51,DNA,10000,4661,True,0.8589573220844791,0.9133046796219629,0.886131000853221,0.9133046796219629,True,4,20010,25142,d__Bacteria;p__Bacteroidota;c__Bacteroidia;o__Bacteroidales;f__UBA932;g__Cryptobacteroides;s__Cryptobacteroides sp004556005
20000,0.00042909246942716153,0.0091324200913242,0.00042909246942716153,0.0006363853313181131,8.0,8.0,2.0,/group/ctbrowngrp5/sourmash-db.new/gtdb-rs226/gtdb-rs226-k51.dna.rocksdb,GCF_945970865.1 Megasphaera elsdenii,0838a1a29c3328e983519dae9eca25d6,0.0091324200913242,20000,181,25090000,outputs.mapping/bams.cds.rand/SRR14369219.x.s__Prevotella sp000434975.fastq.gz,SRR14369219.x.s__Prevotella sp000434975,07a94e46,46610000,51,DNA,10000,4661,True,0.8589573220844791,0.91203496397918,0.8854961430318296,0.91203496397918,True,16,20026,25142,d__Bacteria;p__Bacillota;c__Negativicutes;o__Veillonellales;f__Megasphaeraceae;g__Megasphaera;s__Megasphaera elsdenii
20000,0.00042909246942716153,0.007352941176470588,0.00042909246942716153,0.00011932224962214622,1.5,1.5,0.5,/group/ctbrowngrp5/sourmash-db.new/gtdb-rs226/gtdb-rs226-k51.dna.rocksdb,GCA_017448825.1 Bacteroidaceae bacterium,bdd44702d6caaac09fa5c78f7c941c11,0.007352941176470588,20000,182,25070000,outputs.mapping/bams.cds.rand/SRR14369219.x.s__Prevotella sp000434975.fastq.gz,SRR14369219.x.s__Prevotella sp000434975,07a94e46,46610000,51,DNA,10000,4661,True,0.8589573220844791,0.9081673906938506,0.8835623563891648,0.9081673906938506,True,3,20029,25142,d__Bacteria;p__Bacteroidota;c__Bacteroidia;o__Bacteroidales;f__Bacteroidaceae;g__Minthosoma;s__Minthosoma sp017448825
220000,0.004720017163698777,0.00796812749003984,0.00042909246942716153,0.0002784185824516745,3.5,3.5,1.5,/group/ctbrowngrp5/sourmash-db.new/gtdb-rs226/gtdb-rs226-k51.dna.rocksdb,GCA_963655495.1 Leyella stercorea,33c91bcb7fc925c5cfd1075fd020e5a5,0.08764940239043825,20000,183,25050000,outputs.mapping/bams.cds.rand/SRR14369219.x.s__Prevotella sp000434975.fastq.gz,SRR14369219.x.s__Prevotella sp000434975,07a94e46,46610000,51,DNA,10000,4661,True,0.900307878334494,0.9533877939598125,0.9268478361471533,0.9533877939598125,False,7,20036,25142,d__Bacteria;p__Bacteroidota;c__Bacteroidia;o__Bacteroidales;f__Bacteroidaceae;g__Prevotella;s__Prevotella sp900543975
20000,0.00042909246942716153,0.004545454545454545,0.00042909246942716153,0.00019887041603691035,2.5,2.5,0.5,/group/ctbrowngrp5/sourmash-db.new/gtdb-rs226/gtdb-rs226-k51.dna.rocksdb,GCF_000169255.2 Pseudoflavonifractor capillosus ATCC 29799,d4725743bf7377b9b1586882d9ae2d62,0.004545454545454545,20000,184,25030000,outputs.mapping/bams.cds.rand/SRR14369219.x.s__Prevotella sp000434975.fastq.gz,SRR14369219.x.s__Prevotella sp000434975,07a94e46,46610000,51,DNA,10000,4661,True,0.8589573220844791,0.8996428723837347,0.879300097234107,0.8996428723837347,True,5,20041,25142,d__Bacteria;p__Bacillota;c__Clostridia;o__Oscillospirales;f__Oscillospiraceae;g__Pseudoflavonifractor;s__Pseudoflavonifractor capillosus
20000,0.00042909246942716153,0.010526315789473684,0.00042909246942716153,0.00015909633282952827,2.0,2.0,0.0,/group/ctbrowngrp5/sourmash-db.new/gtdb-rs226/gtdb-rs226-k51.dna.rocksdb,GCA_945865195.1 uncultured Subdoligranulum sp.,40d196e914db96b042b5f342c1e89358,0.010526315789473684,20000,185,25010000,outputs.mapping/bams.cds.rand/SRR14369219.x.s__Prevotella sp000434975.fastq.gz,SRR14369219.x.s__Prevotella sp000434975,07a94e46,46610000,51,DNA,10000,4661,True,0.8589573220844791,0.9145787486024968,0.8867680353434879,0.9145787486024968,True,4,20045,25142,d__Bacteria;p__Bacillota;c__Clostridia;o__Oscillospirales;f__Ruminococcaceae;g__SFIE01;s__SFIE01 sp004555405
20000,0.00042909246942716153,0.009615384615384616,0.00042909246942716153,0.0003579667488664386,4.5,4.5,2.5,/group/ctbrowngrp5/sourmash-db.new/gtdb-rs226/gtdb-rs226-k51.dna.rocksdb,GCA_034088885.1 Bacteroidaceae bacterium,95e074efc209ae55e2ea0bf8c26929e3,0.009615384615384616,20000,186,24990000,outputs.mapping/bams.cds.rand/SRR14369219.x.s__Prevotella sp000434975.fastq.gz,SRR14369219.x.s__Prevotella sp000434975,07a94e46,46610000,51,DNA,10000,4661,True,0.8589573220844791,0.9129570079962835,0.8859571650403812,0.9129570079962835,True,9,20054,25142,d__Bacteria;p__Bacteroidota;c__Bacteroidia;o__Bacteroidales;f__Bacteroidaceae;g__UBA6382;s__UBA6382 sp900557555
220000,0.004720017163698777,0.004962779156327543,0.00042909246942716153,7.954816641476414e-05,1.0,1.0,0.0,/group/ctbrowngrp5/sourmash-db.new/gtdb-rs226/gtdb-rs226-k51.dna.rocksdb,GCA_900554835.1 uncultured Prevotella sp.,4dc74680c9a92963e120e17950dda0b3,0.05459057071960298,20000,187,24970000,outputs.mapping/bams.cds.rand/SRR14369219.x.s__Prevotella sp000434975.fastq.gz,SRR14369219.x.s__Prevotella sp000434975,07a94e46,46610000,51,DNA,10000,4661,True,0.900307878334494,0.9445775093220786,0.9224426938282864,0.9445775093220786,False,2,20056,25142,d__Bacteria;p__Bacteroidota;c__Bacteroidia;o__Bacteroidales;f__Bacteroidaceae;g__Prevotella;s__Prevotella sp900554835
20000,0.00042909246942716153,0.01652892561983471,0.00042909246942716153,0.00023864449924429243,3.0,3.0,0.0,/group/ctbrowngrp5/sourmash-db.new/gtdb-rs226/gtdb-rs226-k51.dna.rocksdb,GCA_928721785.1 uncultured Clostridia bacterium,2031887f3aad0c3600c75e01aa00b7b7,0.01652892561983471,20000,188,24950000,outputs.mapping/bams.cds.rand/SRR14369219.x.s__Prevotella sp000434975.fastq.gz,SRR14369219.x.s__Prevotella sp000434975,07a94e46,46610000,51,DNA,10000,4661,True,0.8589573220844791,0.9227065851930429,0.890831953638761,0.9227065851930429,True,6,20062,25142,d__Bacteria;p__Bacillota;c__Clostridia;o__TANB77;f__CAG-508;g__CAG-273;s__CAG-273 sp000435755
20000,0.00042909246942716153,0.006430868167202572,0.00042909246942716153,0.00011932224962214622,1.5,1.5,0.5,/group/ctbrowngrp5/sourmash-db.new/gtdb-rs226/gtdb-rs226-k51.dna.rocksdb,GCA_034086825.1 Candidatus Limiplasma sp.,56c55af8e32746098d6632906cfaf9b3,0.006430868167202572,20000,189,24930000,outputs.mapping/bams.cds.rand/SRR14369219.x.s__Prevotella sp000434975.fastq.gz,SRR14369219.x.s__Prevotella sp000434975,07a94e46,46610000,51,DNA,10000,4661,True,0.8589573220844791,0.9057845199968129,0.882370921040646,0.9057845199968129,True,3,20065,25142,d__Bacteria;p__Bacillota;c__Clostridia;o__Christensenellales;f__Aristaeellaceae;g__Limiplasma;s__Limiplasma sp023404345
20000,0.00042909246942716153,0.008888888888888889,0.00042909246942716153,0.00011932224962214622,1.5,1.5,0.5,/group/ctbrowngrp5/sourmash-db.new/gtdb-rs226/gtdb-rs226-k51.dna.rocksdb,GCA_945870775.1 uncultured Bacteroides sp.,0c1cd6edcc9dacb4afd6bb64ce3b362e,0.008888888888888889,20000,190,24910000,outputs.mapping/bams.cds.rand/SRR14369219.x.s__Prevotella sp000434975.fastq.gz,SRR14369219.x.s__Prevotella sp000434975,07a94e46,46610000,51,DNA,10000,4661,True,0.8589573220844791,0.9115517372501132,0.8852545296672961,0.9115517372501132,True,3,20068,25142,d__Bacteria;p__Bacteroidota;c__Bacteroidia;o__Bacteroidales;f__UBA932;g__Cryptobacteroides;s__Cryptobacteroides sp000434935
20000,0.00042909246942716153,0.013333333333333334,0.00042909246942716153,0.0002784185824516745,3.5,3.5,1.5,/group/ctbrowngrp5/sourmash-db.new/gtdb-rs226/gtdb-rs226-k51.dna.rocksdb,GCA_945915065.1 uncultured Clostridia bacterium,6d1f4f942ff3960496b8a9d2b1bcec92,0.013333333333333334,20000,191,24890000,outputs.mapping/bams.cds.rand/SRR14369219.x.s__Prevotella sp000434975.fastq.gz,SRR14369219.x.s__Prevotella sp000434975,07a94e46,46610000,51,DNA,10000,4661,True,0.8589573220844791,0.9188277284150211,0.8888925252497502,0.9188277284150211,True,7,20075,25142,d__Bacteria;p__Bacillota;c__Clostridia;o__Oscillospirales;f__Oscillospiraceae;g__Vescimonas;s__Vescimonas sp945915065
20000,0.00042909246942716153,0.008658008658008658,0.00042909246942716153,0.0014716410786731367,18.5,18.5,15.5,/group/ctbrowngrp5/sourmash-db.new/gtdb-rs226/gtdb-rs226-k51.dna.rocksdb,GCA_034117885.1 Oscillospiraceae bacterium,b5576349c62150291d29f281ea6e356a,0.008658008658008658,20000,192,24870000,outputs.mapping/bams.cds.rand/SRR14369219.x.s__Prevotella sp000434975.fastq.gz,SRR14369219.x.s__Prevotella sp000434975,07a94e46,46610000,51,DNA,10000,4661,True,0.8589573220844791,0.9110814745136516,0.8850193982990653,0.9110814745136516,True,37,20112,25142,d__Bacteria;p__Bacillota;c__Clostridia;o__Oscillospirales;f__Oscillospiraceae;g__CAG-170;s__CAG-170 sp002404795
30000,0.0006436387041407423,0.005797101449275362,0.00042909246942716153,7.954816641476414e-05,1.0,1.0,0.0,/group/ctbrowngrp5/sourmash-db.new/gtdb-rs226/gtdb-rs226-k51.dna.rocksdb,GCA_003479565.1 Clostridium sp. AF12-19,f32061b43a5e5798b34f75b201d103f1,0.008695652173913044,20000,193,24850000,outputs.mapping/bams.cds.rand/SRR14369219.x.s__Prevotella sp000434975.fastq.gz,SRR14369219.x.s__Prevotella sp000434975,07a94e46,46610000,51,DNA,10000,4661,True,0.8658135054815657,0.9111589805028507,0.8884862429922082,0.9111589805028507,True,2,20114,25142,d__Bacteria;p__Bacillota;c__Clostridia;o__Lachnospirales;f__Lachnospiraceae;g__Pilosibacter;s__Pilosibacter sp900066055
20000,0.00042909246942716153,0.021052631578947368,0.00042909246942716153,0.0003977408320738207,5.0,5.0,1.0,/group/ctbrowngrp5/sourmash-db.new/gtdb-rs226/gtdb-rs226-k51.dna.rocksdb,GCA_934746425.1 uncultured Clostridia bacterium,1ae39ca17c8c0057188e654075ed9c83,0.021052631578947368,20000,194,24830000,outputs.mapping/bams.cds.rand/SRR14369219.x.s__Prevotella sp000434975.fastq.gz,SRR14369219.x.s__Prevotella sp000434975,07a94e46,46610000,51,DNA,10000,4661,True,0.8589573220844791,0.9270937530356198,0.8930255375600494,0.9270937530356198,True,10,20124,25142,d__Bacteria;p__Bacillota;c__Clostridia;o__Christensenellales;f__UBA1242;g__HGM11372;s__HGM11372 sp900767715
2260000,0.048487449045269256,0.00796812749003984,0.00042909246942716153,0.0003977408320738207,5.0,5.0,1.0,/group/ctbrowngrp5/sourmash-db.new/gtdb-rs226/gtdb-rs226-k51.dna.rocksdb,GCA_034114755.1 Prevotella sp.,91d6b9af67bfa012177e5229144284e2,0.900398406374502,20000,195,24810000,outputs.mapping/bams.cds.rand/SRR14369219.x.s__Prevotella sp000434975.fastq.gz,SRR14369219.x.s__Prevotella sp000434975,07a94e46,46610000,51,DNA,10000,4661,True,0.9423842652522869,0.997944900108394,0.9701645826803404,0.997944900108394,False,10,20134,25142,d__Bacteria;p__Bacteroidota;c__Bacteroidia;o__Bacteroidales;f__Bacteroidaceae;g__Prevotella;s__Prevotella sp000434975
400000,0.008581849388543231,0.006644518272425249,0.00042909246942716153,0.00019887041603691035,2.5,2.5,1.5,/group/ctbrowngrp5/sourmash-db.new/gtdb-rs226/gtdb-rs226-k51.dna.rocksdb,GCA_900543835.1 uncultured Prevotella sp.,c728bd22bfc3227d23dea925e4c1a178,0.132890365448505,20000,196,24790000,outputs.mapping/bams.cds.rand/SRR14369219.x.s__Prevotella sp000434975.fastq.gz,SRR14369219.x.s__Prevotella sp000434975,07a94e46,46610000,51,DNA,10000,4661,True,0.9109236511386366,0.9611996366377465,0.9360616438881916,0.9611996366377465,False,5,20139,25142,d__Bacteria;p__Bacteroidota;c__Bacteroidia;o__Bacteroidales;f__Bacteroidaceae;g__Prevotella;s__Prevotella sp900313215
20000,0.00042909246942716153,0.006688963210702341,0.00042909246942716153,0.00019887041603691035,2.5,2.5,1.5,/group/ctbrowngrp5/sourmash-db.new/gtdb-rs226/gtdb-rs226-k51.dna.rocksdb,GCA_034115725.1 Parabacteroides sp.,ef8f3dcc2ced9c690fc3f9eed22046b0,0.006688963210702341,20000,197,24770000,outputs.mapping/bams.cds.rand/SRR14369219.x.s__Prevotella sp000434975.fastq.gz,SRR14369219.x.s__Prevotella sp000434975,07a94e46,46610000,51,DNA,10000,4661,True,0.8589573220844791,0.9064836528475121,0.8827204874659955,0.9064836528475121,True,5,20144,25142,d__Bacteria;p__Bacteroidota;c__Bacteroidia;o__Bacteroidales;f__Tannerellaceae;g__Parabacteroides;s__Parabacteroides sp022775005
190000,0.004076378459558035,0.008298755186721992,0.00042909246942716153,7.954816641476414e-05,1.0,1.0,0.0,/group/ctbrowngrp5/sourmash-db.new/gtdb-rs226/gtdb-rs226-k51.dna.rocksdb,GCA_945927315.1 uncultured Bacteroidales bacterium,be7811a63c2bdd0f6632b68b04ed5593,0.07883817427385892,20000,198,24750000,outputs.mapping/bams.cds.rand/SRR14369219.x.s__Prevotella sp000434975.fastq.gz,SRR14369219.x.s__Prevotella sp000434975,07a94e46,46610000,51,DNA,10000,4661,True,0.8977235893310339,0.9514092806697839,0.9245664350004089,0.9514092806697839,False,2,20146,25142,d__Bacteria;p__Bacteroidota;c__Bacteroidia;o__Bacteroidales;f__Bacteroidaceae;g__Prevotella;s__Prevotella sp022788105
20000,0.00042909246942716153,0.0091324200913242,0.00042909246942716153,0.00011932224962214622,1.5,1.5,0.5,/group/ctbrowngrp5/sourmash-db.new/gtdb-rs226/gtdb-rs226-k51.dna.rocksdb,GCF_022780585.1 Parafannyhessea umbonata,c2d1b9968f4e71130d6c9c25109f5c4f,0.0091324200913242,20000,199,24730000,outputs.mapping/bams.cds.rand/SRR14369219.x.s__Prevotella sp000434975.fastq.gz,SRR14369219.x.s__Prevotella sp000434975,07a94e46,46610000,51,DNA,10000,4661,True,0.8589573220844791,0.91203496397918,0.8854961430318296,0.91203496397918,True,3,20149,25142,d__Bacteria;p__Actinomycetota;c__Coriobacteriia;o__Coriobacteriales;f__Atopobiaceae;g__Parafannyhessea;s__Parafannyhessea sp902761955
430000,0.009225488092683974,0.005249343832020997,0.00042909246942716153,0.0003579667488664386,4.5,4.5,2.5,/group/ctbrowngrp5/sourmash-db.new/gtdb-rs226/gtdb-rs226-k51.dna.rocksdb,GCA_019417785.1 bacterium,07a62d7bb751ee1f2e100fd3dc6ae3dc,0.11286089238845144,20000,200,24710000,outputs.mapping/bams.cds.rand/SRR14369219.x.s__Prevotella sp000434975.fastq.gz,SRR14369219.x.s__Prevotella sp000434975,07a94e46,46610000,51,DNA,10000,4661,True,0.9122163047235938,0.9581255492824334,0.9351709270030136,0.9581255492824334,False,9,20158,25142,d__Bacteria;p__Bacteroidota;c__Bacteroidia;o__Bacteroidales;f__Bacteroidaceae;g__Prevotella;s__Prevotella sp900546535
20000,0.00042909246942716153,0.012269938650306749,0.00042909246942716153,0.0002784185824516745,3.5,3.5,0.5,/group/ctbrowngrp5/sourmash-db.new/gtdb-rs226/gtdb-rs226-k51.dna.rocksdb,GCA_945613785.1 uncultured Verrucomicrobiota bacterium,71676c7054565bae1069e251a51182c7,0.012269938650306749,20000,201,24690000,outputs.mapping/bams.cds.rand/SRR14369219.x.s__Prevotella sp000434975.fastq.gz,SRR14369219.x.s__Prevotella sp000434975,07a94e46,46610000,51,DNA,10000,4661,True,0.8589573220844791,0.9173315306528081,0.8881444263686435,0.9173315306528081,True,7,20165,25142,d__Bacteria;p__Verrucomicrobiota;c__Kiritimatiellia;o__RFP12;f__UBA1067;g__UBA1067;s__UBA1067 sp945613785
40000,0.0008581849388543231,0.004357298474945534,0.00042909246942716153,0.0023466709092355422,29.5,29.5,26.5,/group/ctbrowngrp5/sourmash-db.new/gtdb-rs226/gtdb-rs226-k51.dna.rocksdb,GCF_015554425.1 Flavonifractor plautii,21e85046aec80b7a1582199bb18108b3,0.008714596949891068,20000,202,24670000,outputs.mapping/bams.cds.rand/SRR14369219.x.s__Prevotella sp000434975.fastq.gz,SRR14369219.x.s__Prevotella sp000434975,07a94e46,46610000,51,DNA,10000,4661,True,0.8707112084613239,0.9111978624410597,0.8909545354511919,0.9111978624410597,True,59,20224,25142,d__Bacteria;p__Bacillota;c__Clostridia;o__Oscillospirales;f__Oscillospiraceae;g__Flavonifractor;s__Flavonifractor plautii
250000,0.005363655867839519,0.006024096385542169,0.00042909246942716153,0.00011932224962214622,1.5,1.5,0.5,/group/ctbrowngrp5/sourmash-db.new/gtdb-rs226/gtdb-rs226-k51.dna.rocksdb,GCA_003473935.1 Segatella copri,3a08efa6039113fea2ae60918b037ad7,0.07530120481927711,20000,203,24650000,outputs.mapping/bams.cds.rand/SRR14369219.x.s__Prevotella sp000434975.fastq.gz,SRR14369219.x.s__Prevotella sp000434975,07a94e46,46610000,51,DNA,10000,4661,True,0.9025673636279066,0.9505533753479333,0.9265603694879199,0.9505533753479333,False,3,20227,25142,d__Bacteria;p__Bacteroidota;c__Bacteroidia;o__Bacteroidales;f__Bacteroidaceae;g__Prevotella;s__Prevotella copri_E
100000,0.002145462347135808,0.011235955056179775,0.00042909246942716153,0.00015909633282952827,2.0,2.0,0.0,/group/ctbrowngrp5/sourmash-db.new/gtdb-rs226/gtdb-rs226-k51.dna.rocksdb,GCA_945828525.1 uncultured Prevotella sp.,8e2fb2eb8f2bbc12cb5eaf69c22aca1a,0.056179775280898875,20000,204,24630000,outputs.mapping/bams.cds.rand/SRR14369219.x.s__Prevotella sp000434975.fastq.gz,SRR14369219.x.s__Prevotella sp000434975,07a94e46,46610000,51,DNA,10000,4661,True,0.8864962041104325,0.9451091346902548,0.9158026694003436,0.9451091346902548,False,4,20231,25142,d__Bacteria;p__Bacteroidota;c__Bacteroidia;o__Bacteroidales;f__Bacteroidaceae;g__Prevotella;s__Prevotella sp900552515
30000,0.0006436387041407423,0.008,0.00042909246942716153,0.00023864449924429243,3.0,3.0,2.0,/group/ctbrowngrp5/sourmash-db.new/gtdb-rs226/gtdb-rs226-k51.dna.rocksdb,GCA_034104805.1 Gemmiger qucibialis,858d4e9d9469f78abb13b805c7f9789b,0.012,20000,205,24610000,outputs.mapping/bams.cds.rand/SRR14369219.x.s__Prevotella sp000434975.fastq.gz,SRR14369219.x.s__Prevotella sp000434975,07a94e46,46610000,51,DNA,10000,4661,True,0.8658135054815657,0.9169314885235516,0.8913724970025586,0.9169314885235516,True,6,20237,25142,d__Bacteria;p__Bacillota;c__Clostridia;o__Oscillospirales;f__Ruminococcaceae;g__Gemmiger;s__Gemmiger qucibialis
80000,0.0017163698777086461,0.006191950464396285,0.00042909246942716153,0.00015909633282952827,2.0,2.0,1.0,/group/ctbrowngrp5/sourmash-db.new/gtdb-rs226/gtdb-rs226-k51.dna.rocksdb,GCF_934193235.1 uncultured Prevotella sp.,84422b50b76d2f33cfdda6029889acf9,0.02476780185758514,20000,206,24590000,outputs.mapping/bams.cds.rand/SRR14369219.x.s__Prevotella sp000434975.fastq.gz,SRR14369219.x.s__Prevotella sp000434975,07a94e46,46610000,51,DNA,10000,4661,True,0.8826259338477538,0.9300527845238138,0.9063393591857838,0.9300527845238138,False,4,20241,25142,d__Bacteria;p__Bacteroidota;c__Bacteroidia;o__Bacteroidales;f__Bacteroidaceae;g__Prevotella;s__Prevotella sp900548745
200000,0.004290924694271616,0.007352941176470588,0.00042909246942716153,0.0007159334977328772,9.0,9.0,4.0,/group/ctbrowngrp5/sourmash-db.new/gtdb-rs226/gtdb-rs226-k51.dna.rocksdb,GCF_021627625.1 Leyella stercorea,b7d1eab0eb376477204d019e787fad74,0.07352941176470588,20000,207,24570000,outputs.mapping/bams.cds.rand/SRR14369219.x.s__Prevotella sp000434975.fastq.gz,SRR14369219.x.s__Prevotella sp000434975,07a94e46,46610000,51,DNA,10000,4661,True,0.8986269298039188,0.9501096888804292,0.924368309342174,0.9501096888804292,False,18,20259,25142,d__Bacteria;p__Bacteroidota;c__Bacteroidia;o__Bacteroidales;f__Bacteroidaceae;g__Prevotella;s__Prevotella stercorea
20000,0.00042909246942716153,0.01282051282051282,0.00042909246942716153,0.00011932224962214622,1.5,1.5,0.5,/group/ctbrowngrp5/sourmash-db.new/gtdb-rs226/gtdb-rs226-k51.dna.rocksdb,GCA_948773475.1 uncultured Clostridia bacterium,5b6e1a1e0861ceb2fc3e60810ec7f5a7,0.01282051282051282,20000,208,24550000,outputs.mapping/bams.cds.rand/SRR14369219.x.s__Prevotella sp000434975.fastq.gz,SRR14369219.x.s__Prevotella sp000434975,07a94e46,46610000,51,DNA,10000,4661,True,0.8589573220844791,0.9181213906608477,0.8885393563726633,0.9181213906608477,True,3,20262,25142,d__Bacteria;p__Bacillota;c__Clostridia;o__TANB77;f__CAG-508;g__UMGS1781;s__UMGS1781 sp947651825
20000,0.00042909246942716153,0.008368200836820083,0.00042909246942716153,0.00596611248110731,75.0,75.0,64.0,/group/ctbrowngrp5/sourmash-db.new/gtdb-rs226/gtdb-rs226-k51.dna.rocksdb,GCF_021531495.1 Anaerovibrio lipolyticus,17467dcaf9481746cf50adc61e9a02e8,0.008368200836820083,20000,209,24530000,outputs.mapping/bams.cds.rand/SRR14369219.x.s__Prevotella sp000434975.fastq.gz,SRR14369219.x.s__Prevotella sp000434975,07a94e46,46610000,51,DNA,10000,4661,True,0.8589573220844791,0.9104734709010283,0.8847153964927537,0.9104734709010283,True,150,20412,25142,d__Bacteria;p__Bacillota;c__Negativicutes;o__Selenomonadales;f__Selenomonadaceae;g__Anaerovibrio;s__Anaerovibrio sp900548165
70000,0.0015018236429950654,0.006514657980456026,0.00042909246942716153,0.0008750298305624056,11.0,11.0,5.0,/group/ctbrowngrp5/sourmash-db.new/gtdb-rs226/gtdb-rs226-k51.dna.rocksdb,GCF_958437135.1 uncultured Prevotella sp.,74e47c4fd92c0601155f7d8ec6ec905f,0.02280130293159609,20000,210,24510000,outputs.mapping/bams.cds.rand/SRR14369219.x.s__Prevotella sp000434975.fastq.gz,SRR14369219.x.s__Prevotella sp000434975,07a94e46,46610000,51,DNA,10000,4661,True,0.8803180100686623,0.9285453739747852,0.9044316920217237,0.9285453739747852,False,22,20434,25142,d__Bacteria;p__Bacteroidota;c__Bacteroidia;o__Bacteroidales;f__Bacteroidaceae;g__Prevotella;s__Prevotella sp002265625
310000,0.006650933276121004,0.005847953216374269,0.00042909246942716153,0.00031819266565905654,4.0,4.0,2.0,/group/ctbrowngrp5/sourmash-db.new/gtdb-rs226/gtdb-rs226-k51.dna.rocksdb,GCA_022727395.1 Prevotella sp.,cba0f94e2e0c82200c3b797fd8f4e4ce,0.09064327485380116,20000,211,24490000,outputs.mapping/bams.cds.rand/SRR14369219.x.s__Prevotella sp000434975.fastq.gz,SRR14369219.x.s__Prevotella sp000434975,07a94e46,46610000,51,DNA,10000,4661,True,0.906382315434073,0.9540158711687453,0.9301990933014092,0.9540158711687453,False,8,20442,25142,d__Bacteria;p__Bacteroidota;c__Bacteroidia;o__Bacteroidales;f__Bacteroidaceae;g__Prevotella;s__Prevotella copri_C
130000,0.0027891010512765503,0.005319148936170213,0.00042909246942716153,0.00019887041603691035,2.5,2.5,0.5,/group/ctbrowngrp5/sourmash-db.new/gtdb-rs226/gtdb-rs226-k51.dna.rocksdb,GCF_022733255.1 Prevotella sp.,31e38c13908dde32f60228e3f750f68e,0.034574468085106384,20000,212,24470000,outputs.mapping/bams.cds.rand/SRR14369219.x.s__Prevotella sp000434975.fastq.gz,SRR14369219.x.s__Prevotella sp000434975,07a94e46,46610000,51,DNA,10000,4661,True,0.8910684434513304,0.9361558320436811,0.9136121377475057,0.9361558320436811,False,5,20447,25142,d__Bacteria;p__Bacteroidota;c__Bacteroidia;o__Bacteroidales;f__Bacteroidaceae;g__Prevotella;s__Prevotella merdae
1490000,0.031967388972323534,0.006688963210702341,0.00042909246942716153,0.00023864449924429243,3.0,3.0,1.0,/group/ctbrowngrp5/sourmash-db.new/gtdb-rs226/gtdb-rs226-k51.dna.rocksdb,GCA_037460155.1 Prevotella sp.,b864112a180ef29b1f9cdee28cee345f,0.4983277591973244,20000,213,24450000,outputs.mapping/bams.cds.rand/SRR14369219.x.s__Prevotella sp000434975.fastq.gz,SRR14369219.x.s__Prevotella sp000434975,07a94e46,46610000,51,DNA,10000,4661,True,0.9347178420546296,0.9864360219797874,0.9605769320172085,0.9864360219797874,False,6,20453,25142,d__Bacteria;p__Bacteroidota;c__Bacteroidia;o__Bacteroidales;f__Bacteroidaceae;g__Prevotella;s__Prevotella sp000434975
130000,0.0027891010512765503,0.006134969325153374,0.00042909246942716153,0.0004375149152812028,5.5,5.5,4.5,/group/ctbrowngrp5/sourmash-db.new/gtdb-rs226/gtdb-rs226-k51.dna.rocksdb,GCA_004553185.1 Bacteroidales bacterium,a0fc8596b30503fcde751b93e4aac32e,0.03987730061349693,20000,214,24430000,outputs.mapping/bams.cds.rand/SRR14369219.x.s__Prevotella sp000434975.fastq.gz,SRR14369219.x.s__Prevotella sp000434975,07a94e46,46610000,51,DNA,10000,4661,True,0.8910684434513304,0.9387787491470342,0.9149235962991823,0.9387787491470342,False,11,20464,25142,d__Bacteria;p__Bacteroidota;c__Bacteroidia;o__Bacteroidales;f__Bacteroidaceae;g__Prevotella;s__Prevotella sp002251365
20000,0.00042909246942716153,0.009523809523809525,0.00042909246942716153,0.00031819266565905654,4.0,4.0,1.0,/group/ctbrowngrp5/sourmash-db.new/gtdb-rs226/gtdb-rs226-k51.dna.rocksdb,GCA_946041275.1 uncultured Bacteroidales bacterium,05d79d9cf9a5cb530120d95b8d478a46,0.009523809523809525,20000,215,24410000,outputs.mapping/bams.cds.rand/SRR14369219.x.s__Prevotella sp000434975.fastq.gz,SRR14369219.x.s__Prevotella sp000434975,07a94e46,46610000,51,DNA,10000,4661,True,0.8589573220844791,0.9127857201967318,0.8858715211406054,0.9127857201967318,True,8,20472,25142,d__Bacteria;p__Bacteroidota;c__Bacteroidia;o__Bacteroidales;f__P3;g__Onthomorpha;s__Onthomorpha sp004551865
30000,0.0006436387041407423,0.007936507936507936,0.00042909246942716153,0.00019887041603691035,2.5,2.5,1.5,/group/ctbrowngrp5/sourmash-db.new/gtdb-rs226/gtdb-rs226-k51.dna.rocksdb,GCA_945876775.1 uncultured Bacteroidales bacterium,d8f5ebc5e9180031bb6a8cb1cb6be687,0.011904761904761904,20000,216,24390000,outputs.mapping/bams.cds.rand/SRR14369219.x.s__Prevotella sp000434975.fastq.gz,SRR14369219.x.s__Prevotella sp000434975,07a94e46,46610000,51,DNA,10000,4661,True,0.8658135054815657,0.9167882396034238,0.8913008725424947,0.9167882396034238,True,5,20477,25142,d__Bacteria;p__Bacteroidota;c__Bacteroidia;o__Bacteroidales;f__UBA932;g__Cryptobacteroides;s__Cryptobacteroides sp034089285
240000,0.005149109633125939,0.006578947368421052,0.00042909246942716153,0.00015909633282952827,2.0,2.0,1.0,/group/ctbrowngrp5/sourmash-db.new/gtdb-rs226/gtdb-rs226-k51.dna.rocksdb,GCF_002251345.1 Prevotella sp. P4-119,5e07594a2f6724d3eaf956fa9b02a7a1,0.07894736842105263,20000,217,24370000,outputs.mapping/bams.cds.rand/SRR14369219.x.s__Prevotella sp000434975.fastq.gz,SRR14369219.x.s__Prevotella sp000434975,07a94e46,46610000,51,DNA,10000,4661,True,0.9018452095471058,0.9514351012096514,0.9266401553783785,0.9514351012096514,False,4,20481,25142,d__Bacteria;p__Bacteroidota;c__Bacteroidia;o__Bacteroidales;f__Bacteroidaceae;g__Prevotella;s__Prevotella sp002251295
30000,0.0006436387041407423,0.009900990099009901,0.00042909246942716153,7.954816641476414e-05,1.0,1.0,0.0,/group/ctbrowngrp5/sourmash-db.new/gtdb-rs226/gtdb-rs226-k51.dna.rocksdb,GCA_022775685.1 Bacteroidales bacterium,0971aa38d56077fde2339529ccc788f4,0.01485148514851485,20000,218,24350000,outputs.mapping/bams.cds.rand/SRR14369219.x.s__Prevotella sp000434975.fastq.gz,SRR14369219.x.s__Prevotella sp000434975,07a94e46,46610000,51,DNA,10000,4661,True,0.8658135054815657,0.92077252250239,0.8932930139919778,0.92077252250239,True,2,20483,25142,d__Bacteria;p__Bacteroidota;c__Bacteroidia;o__Bacteroidales;f__P3;g__Onthomorpha;s__Onthomorpha sp004551865
2210000,0.04741471787170135,0.008403361344537815,0.00042909246942716153,0.00011932224962214622,1.5,1.5,0.5,/group/ctbrowngrp5/sourmash-db.new/gtdb-rs226/gtdb-rs226-k51.dna.rocksdb,GCA_028719725.1 Leyella stercorea,15d47478f1c5a793b66f5a46fa3704aa,0.9285714285714286,20000,219,24330000,outputs.mapping/bams.cds.rand/SRR14369219.x.s__Prevotella sp000434975.fastq.gz,SRR14369219.x.s__Prevotella sp000434975,07a94e46,46610000,51,DNA,10000,4661,True,0.9419709578459102,0.9985479577417705,0.9702594577938404,0.9985479577417705,False,3,20486,25142,d__Bacteria;p__Bacteroidota;c__Bacteroidia;o__Bacteroidales;f__Bacteroidaceae;g__Prevotella;s__Prevotella sp000434975
20000,0.00042909246942716153,0.008583690987124463,0.00042909246942716153,0.00015909633282952827,2.0,2.0,0.0,/group/ctbrowngrp5/sourmash-db.new/gtdb-rs226/gtdb-rs226-k51.dna.rocksdb,GCF_034087485.1 Candidatus Cryptobacteroides sp.,9c6f02a1c2aaca988d48e37a5dfed069,0.008583690987124463,20000,220,24310000,outputs.mapping/bams.cds.rand/SRR14369219.x.s__Prevotella sp000434975.fastq.gz,SRR14369219.x.s__Prevotella sp000434975,07a94e46,46610000,51,DNA,10000,4661,True,0.8589573220844791,0.9109274836213538,0.8849424028529165,0.9109274836213538,True,4,20490,25142,d__Bacteria;p__Bacteroidota;c__Bacteroidia;o__Bacteroidales;f__UBA932;g__Cryptobacteroides;s__Cryptobacteroides sp004552965
230000,0.004934563398412358,0.008064516129032258,0.00042909246942716153,0.00011932224962214622,1.5,1.5,0.5,/group/ctbrowngrp5/sourmash-db.new/gtdb-rs226/gtdb-rs226-k51.dna.rocksdb,GCA_946405155.1 uncultured Prevotella sp.,4c448c0361f8bc8359e30f5716d87ace,0.09274193548387097,20000,221,24290000,outputs.mapping/bams.cds.rand/SRR14369219.x.s__Prevotella sp000434975.fastq.gz,SRR14369219.x.s__Prevotella sp000434975,07a94e46,46610000,51,DNA,10000,4661,True,0.9010929316289058,0.9544441333724669,0.9277685325006864,0.9544441333724669,False,3,20493,25142,d__Bacteria;p__Bacteroidota;c__Bacteroidia;o__Bacteroidales;f__Bacteroidaceae;g__Prevotella;s__Prevotella sp002251295
490000,0.010512765500965459,0.005988023952095809,0.00042909246942716153,0.00011932224962214622,1.5,1.5,0.5,/group/ctbrowngrp5/sourmash-db.new/gtdb-rs226/gtdb-rs226-k51.dna.rocksdb,GCA_963641685.1 bacterium,aa55b6b2326e5b9aeded5fd551d85533,0.1467065868263473,20000,222,24270000,outputs.mapping/bams.cds.rand/SRR14369219.x.s__Prevotella sp000434975.fastq.gz,SRR14369219.x.s__Prevotella sp000434975,07a94e46,46610000,51,DNA,10000,4661,True,0.9145556493848219,0.9630656095653389,0.9388106294750804,0.9630656095653389,False,3,20496,25142,d__Bacteria;p__Bacteroidota;c__Bacteroidia;o__Bacteroidales;f__Bacteroidaceae;g__Prevotella;s__Prevotella sp900546535
20000,0.00042909246942716153,0.007246376811594203,0.00042909246942716153,0.0004375149152812028,5.5,5.5,4.5,/group/ctbrowngrp5/sourmash-db.new/gtdb-rs226/gtdb-rs226-k51.dna.rocksdb,GCA_937920865.1 uncultured Clostridia bacterium,a167312c48af75b13c2a58189e2e7b1e,0.007246376811594203,20000,223,24250000,outputs.mapping/bams.cds.rand/SRR14369219.x.s__Prevotella sp000434975.fastq.gz,SRR14369219.x.s__Prevotella sp000434975,07a94e46,46610000,51,DNA,10000,4661,True,0.8589573220844791,0.9079074641021062,0.8834323930932926,0.9079074641021062,True,11,20507,25142,d__Bacteria;p__Bacillota;c__Clostridia;o__Oscillospirales;f__CAG-272;g__UMGS1865;s__UMGS1865 sp900547725
20000,0.00042909246942716153,0.0021413276231263384,0.00042909246942716153,0.00962532813618646,121.0,121.0,92.0,/group/ctbrowngrp5/sourmash-db.new/gtdb-rs226/gtdb-rs226-k51.dna.rocksdb,GCF_039529495.1 Actinomadura bangladeshensis,519ceef2b954a840df1ccb664d14329c,0.0021413276231263384,20000,224,24230000,outputs.mapping/bams.cds.rand/SRR14369219.x.s__Prevotella sp000434975.fastq.gz,SRR14369219.x.s__Prevotella sp000434975,07a94e46,46610000,51,DNA,10000,4661,True,0.8589573220844791,0.8864626733856426,0.8727099977350607,0.8864626733856426,True,242,20749,25142,d__Bacteria;p__Actinomycetota;c__Actinomycetes;o__Streptosporangiales;f__Streptosporangiaceae;g__Spirillospora;s__Spirillospora bangladeshensis
110000,0.0023600085818493884,0.006896551724137931,0.00042909246942716153,0.00011932224962214622,1.5,1.5,0.5,/group/ctbrowngrp5/sourmash-db.new/gtdb-rs226/gtdb-rs226-k51.dna.rocksdb,GCA_958419295.1 uncultured Prevotella sp.,83440afbcd6a32bbf448361a433657d0,0.03793103448275862,20000,225,24210000,outputs.mapping/bams.cds.rand/SRR14369219.x.s__Prevotella sp000434975.fastq.gz,SRR14369219.x.s__Prevotella sp000434975,07a94e46,46610000,51,DNA,10000,4661,True,0.8881544612160649,0.9378581369153702,0.9130062990657175,0.9378581369153702,False,3,20752,25142,d__Bacteria;p__Bacteroidota;c__Bacteroidia;o__Bacteroidales;f__Bacteroidaceae;g__Prevotella;s__Prevotella sp003447235
480000,0.010298219266251877,0.005555555555555556,0.00042909246942716153,0.00019887041603691035,2.5,2.5,0.5,/group/ctbrowngrp5/sourmash-db.new/gtdb-rs226/gtdb-rs226-k51.dna.rocksdb,GCA_027682955.1 Segatella copri,e7bfb9feb4d6aa2ae1307c750d6f62a6,0.13333333333333333,20000,226,24190000,outputs.mapping/bams.cds.rand/SRR14369219.x.s__Prevotella sp000434975.fastq.gz,SRR14369219.x.s__Prevotella sp000434975,07a94e46,46610000,51,DNA,10000,4661,True,0.9141859695010398,0.9612623577159435,0.9377241636084916,0.9612623577159435,False,5,20757,25142,d__Bacteria;p__Bacteroidota;c__Bacteroidia;o__Bacteroidales;f__Bacteroidaceae;g__Prevotella;s__Prevotella copri
60000,0.0012872774082814847,0.007751937984496124,0.00042909246942716153,0.0003579667488664386,4.5,4.5,2.5,/group/ctbrowngrp5/sourmash-db.new/gtdb-rs226/gtdb-rs226-k51.dna.rocksdb,GCA_004556555.1 Bacteroidales bacterium,581e36cccd83433003b93b037f5e6ad1,0.023255813953488372,20000,227,24170000,outputs.mapping/bams.cds.rand/SRR14369219.x.s__Prevotella sp000434975.fastq.gz,SRR14369219.x.s__Prevotella sp000434975,07a94e46,46610000,51,DNA,10000,4661,True,0.8776612111886104,0.9289047993714703,0.9032830052800404,0.9289047993714703,True,9,20766,25142,d__Bacteria;p__Bacteroidota;c__Bacteroidia;o__Bacteroidales;f__Muribaculaceae;g__Sodaliphilus;s__Sodaliphilus sp004557565
240000,0.005149109633125939,0.006472491909385114,0.00042909246942716153,0.00019887041603691035,2.5,2.5,0.5,/group/ctbrowngrp5/sourmash-db.new/gtdb-rs226/gtdb-rs226-k51.dna.rocksdb,GCA_958443005.1 Segatella copri,0f6d509443fce672cf834c7e46ba89f0,0.07766990291262135,20000,228,24150000,outputs.mapping/bams.cds.rand/SRR14369219.x.s__Prevotella sp000434975.fastq.gz,SRR14369219.x.s__Prevotella sp000434975,07a94e46,46610000,51,DNA,10000,4661,True,0.9018452095471058,0.951130810500204,0.9264880100236549,0.951130810500204,False,5,20771,25142,d__Bacteria;p__Bacteroidota;c__Bacteroidia;o__Bacteroidales;f__Bacteroidaceae;g__Prevotella;s__Prevotella copri
50000,0.001072731173567904,0.008620689655172414,0.00042909246942716153,0.00011932224962214622,1.5,1.5,0.5,/group/ctbrowngrp5/sourmash-db.new/gtdb-rs226/gtdb-rs226-k51.dna.rocksdb,GCA_034113085.1 Sodaliphilus sp.,0c9263333d7f4840cee8acb97b80a6c6,0.021551724137931036,20000,229,24130000,outputs.mapping/bams.cds.rand/SRR14369219.x.s__Prevotella sp000434975.fastq.gz,SRR14369219.x.s__Prevotella sp000434975,07a94e46,46610000,51,DNA,10000,4661,True,0.8745292332533195,0.9275197732431066,0.9010245032482131,0.9275197732431066,True,3,20774,25142,d__Bacteria;p__Bacteroidota;c__Bacteroidia;o__Bacteroidales;f__Muribaculaceae;g__Sodaliphilus;s__Sodaliphilus sp004557565
30000,0.0006436387041407423,0.0076045627376425855,0.00042909246942716153,7.954816641476414e-05,1.0,1.0,0.0,/group/ctbrowngrp5/sourmash-db.new/gtdb-rs226/gtdb-rs226-k51.dna.rocksdb,GCA_900767625.1 Bacteroidaceae bacterium,7bbf92b3e3255f887b9890f7669100d5,0.011406844106463879,20000,230,24110000,outputs.mapping/bams.cds.rand/SRR14369219.x.s__Prevotella sp000434975.fastq.gz,SRR14369219.x.s__Prevotella sp000434975,07a94e46,46610000,51,DNA,10000,4661,True,0.8658135054815657,0.9160205273625133,0.8909170164220395,0.9160205273625133,True,2,20776,25142,d__Bacteria;p__Bacteroidota;c__Bacteroidia;o__Bacteroidales;f__Bacteroidaceae;g__Alloprevotella;s__Alloprevotella sp900546605
1960000,0.042051062003861835,0.00904977375565611,0.00042909246942716153,0.0003977408320738207,5.0,5.0,0.0,/group/ctbrowngrp5/sourmash-db.new/gtdb-rs226/gtdb-rs226-k51.dna.rocksdb,GCA_029226895.1 Leyella stercorea,fc567007857ffc92d9264cd6fd9797cb,0.8868778280542986,20000,231,24090000,outputs.mapping/bams.cds.rand/SRR14369219.x.s__Prevotella sp000434975.fastq.gz,SRR14369219.x.s__Prevotella sp000434975,07a94e46,46610000,51,DNA,10000,4661,True,0.9397562758241761,0.997648885028474,0.9687025804263251,0.997648885028474,False,10,20786,25142,d__Bacteria;p__Bacteroidota;c__Bacteroidia;o__Bacteroidales;f__Bacteroidaceae;g__Prevotella;s__Prevotella sp000434975
230000,0.004934563398412358,0.008298755186721992,0.00042909246942716153,7.954816641476414e-05,1.0,1.0,0.0,/group/ctbrowngrp5/sourmash-db.new/gtdb-rs226/gtdb-rs226-k51.dna.rocksdb,GCA_022775725.1 Prevotella sp.,8dcf81c3c2c68ae15d6fd9068f184ff2,0.0954356846473029,20000,232,24070000,outputs.mapping/bams.cds.rand/SRR14369219.x.s__Prevotella sp000434975.fastq.gz,SRR14369219.x.s__Prevotella sp000434975,07a94e46,46610000,51,DNA,10000,4661,True,0.9010929316289058,0.95498011647052,0.9280365240497128,0.95498011647052,False,2,20788,25142,d__Bacteria;p__Bacteroidota;c__Bacteroidia;o__Bacteroidales;f__Bacteroidaceae;g__Prevotella;s__Prevotella sp002251295
20000,0.00042909246942716153,0.013513513513513514,0.00042909246942716153,0.00011932224962214622,1.5,1.5,0.5,/group/ctbrowngrp5/sourmash-db.new/gtdb-rs226/gtdb-rs226-k51.dna.rocksdb,GCA_946407535.1 uncultured Porphyromonadaceae bacterium,ead34bdc469ffee8dbf3ece60f7d5906,0.013513513513513514,20000,233,24050000,outputs.mapping/bams.cds.rand/SRR14369219.x.s__Prevotella sp000434975.fastq.gz,SRR14369219.x.s__Prevotella sp000434975,07a94e46,46610000,51,DNA,10000,4661,True,0.8589573220844791,0.919069592463689,0.889013457274084,0.919069592463689,True,3,20791,25142,d__Bacteria;p__Bacteroidota;c__Bacteroidia;o__Bacteroidales;f__Muribaculaceae;g__UBA7173;s__UBA7173 sp945931475
30000,0.0006436387041407423,0.011428571428571429,0.00042909246942716153,0.00019887041603691035,2.5,2.5,1.5,/group/ctbrowngrp5/sourmash-db.new/gtdb-rs226/gtdb-rs226-k51.dna.rocksdb,GCA_028720065.1 Bacteroidales bacterium,d44fd1bbcff634314d49d77b621ab3cd,0.017142857142857144,20000,234,24030000,outputs.mapping/bams.cds.rand/SRR14369219.x.s__Prevotella sp000434975.fastq.gz,SRR14369219.x.s__Prevotella sp000434975,07a94e46,46610000,51,DNA,10000,4661,True,0.8658135054815657,0.9233666410415217,0.8945900732615437,0.9233666410415217,True,5,20796,25142,d__Bacteria;p__Bacteroidota;c__Bacteroidia;o__Bacteroidales;f__UBA932;g__Cryptobacteroides;s__Cryptobacteroides sp945874155
2460000,0.05277837373954087,0.007042253521126761,0.00042909246942716153,0.0003579667488664386,4.5,4.5,0.5,/group/ctbrowngrp5/sourmash-db.new/gtdb-rs226/gtdb-rs226-k51.dna.rocksdb,GCA_034170805.1 Prevotella sp.,8cfef6f602bcc8dd590734bda4c72456,0.8661971830985915,20000,235,24010000,outputs.mapping/bams.cds.rand/SRR14369219.x.s__Prevotella sp000434975.fastq.gz,SRR14369219.x.s__Prevotella sp000434975,07a94e46,46610000,51,DNA,10000,4661,True,0.9439524494045234,0.9971874391082028,0.9705699442563631,0.9971874391082028,False,9,20805,25142,d__Bacteria;p__Bacteroidota;c__Bacteroidia;o__Bacteroidales;f__Bacteroidaceae;g__Prevotella;s__Prevotella sp000434975
40000,0.0008581849388543231,0.00749063670411985,0.00042909246942716153,0.00023864449924429243,3.0,3.0,2.0,/group/ctbrowngrp5/sourmash-db.new/gtdb-rs226/gtdb-rs226-k51.dna.rocksdb,GCA_034099305.1 Prevotella sp.,bca3366275b02e65e7f2e57ab62619ee,0.0149812734082397,20000,236,23990000,outputs.mapping/bams.cds.rand/SRR14369219.x.s__Prevotella sp000434975.fastq.gz,SRR14369219.x.s__Prevotella sp000434975,07a94e46,46610000,51,DNA,10000,4661,True,0.8707112084613239,0.9209296289302672,0.8958204186957955,0.9209296289302672,True,6,20811,25142,d__Bacteria;p__Bacteroidota;c__Bacteroidia;o__Bacteroidales;f__Bacteroidaceae;g__Prevotella;s__Prevotella sp002251365
80000,0.0017163698777086461,0.005988023952095809,0.00042909246942716153,0.00015909633282952827,2.0,2.0,0.0,/group/ctbrowngrp5/sourmash-db.new/gtdb-rs226/gtdb-rs226-k51.dna.rocksdb,GCA_004556785.1 Bacteroidales bacterium,500ae58cf7ff82a5edee12eaf3958fe3,0.023952095808383235,20000,237,23970000,outputs.mapping/bams.cds.rand/SRR14369219.x.s__Prevotella sp000434975.fastq.gz,SRR14369219.x.s__Prevotella sp000434975,07a94e46,46610000,51,DNA,10000,4661,True,0.8826259338477538,0.929442274585517,0.9060341042166353,0.929442274585517,False,4,20815,25142,d__Bacteria;p__Bacteroidota;c__Bacteroidia;o__Bacteroidales;f__UBA932;g__Cryptobacteroides;s__Cryptobacteroides sp000433355
140000,0.003003647285990131,0.006514657980456026,0.00042909246942716153,0.0009943520801845517,12.5,12.5,9.5,/group/ctbrowngrp5/sourmash-db.new/gtdb-rs226/gtdb-rs226-k51.dna.rocksdb,GCA_022785035.1 Prevotella sp.,4c21c25c6ce67c6acbe38fbd0f95568f,0.04560260586319218,20000,238,23950000,outputs.mapping/bams.cds.rand/SRR14369219.x.s__Prevotella sp000434975.fastq.gz,SRR14369219.x.s__Prevotella sp000434975,07a94e46,46610000,51,DNA,10000,4661,True,0.8923641939707068,0.941251496317347,0.9168078451440269,0.941251496317347,False,25,20840,25142,d__Bacteria;p__Bacteroidota;c__Bacteroidia;o__Bacteroidales;f__Bacteroidaceae;g__Prevotella;s__Prevotella sp900548195
50000,0.001072731173567904,0.008130081300813009,0.00042909246942716153,0.0003579667488664386,4.5,4.5,0.5,/group/ctbrowngrp5/sourmash-db.new/gtdb-rs226/gtdb-rs226-k51.dna.rocksdb,GCA_938045065.1 uncultured Collinsella sp.,f82824f10116ce23cdcfd1496920ab16,0.02032520325203252,20000,239,23930000,outputs.mapping/bams.cds.rand/SRR14369219.x.s__Prevotella sp000434975.fastq.gz,SRR14369219.x.s__Prevotella sp000434975,07a94e46,46610000,51,DNA,10000,4661,True,0.8745292332533195,0.9264547528903618,0.9004919930718407,0.9264547528903618,True,9,20849,25142,d__Bacteria;p__Actinomycetota;c__Coriobacteriia;o__Coriobacteriales;f__Coriobacteriaceae;g__Collinsella;s__Collinsella sp938045065
20000,0.00042909246942716153,0.009708737864077669,0.00042909246942716153,7.954816641476414e-05,1.0,1.0,0.0,/group/ctbrowngrp5/sourmash-db.new/gtdb-rs226/gtdb-rs226-k51.dna.rocksdb,GCA_037231215.1 Dysosmobacter sp.,6a10081fc396ff1c01b4fcefb82090fc,0.009708737864077669,20000,240,23910000,outputs.mapping/bams.cds.rand/SRR14369219.x.s__Prevotella sp000434975.fastq.gz,SRR14369219.x.s__Prevotella sp000434975,07a94e46,46610000,51,DNA,10000,4661,True,0.8589573220844791,0.913129983386235,0.886043652735357,0.913129983386235,True,2,20851,25142,d__Bacteria;p__Bacillota;c__Clostridia;o__Oscillospirales;f__Oscillospiraceae;g__Oscillibacter;s__Oscillibacter sp004553545
390000,0.00836730315382965,0.00468384074941452,0.00042909246942716153,0.00023864449924429243,3.0,3.0,2.0,/group/ctbrowngrp5/sourmash-db.new/gtdb-rs226/gtdb-rs226-k51.dna.rocksdb,GCF_019249655.2 Segatella copri,d2ccaebddc9468e843a020a005ac03fd,0.09133489461358314,20000,241,23890000,outputs.mapping/bams.cds.rand/SRR14369219.x.s__Prevotella sp000434975.fastq.gz,SRR14369219.x.s__Prevotella sp000434975,07a94e46,46610000,51,DNA,10000,4661,True,0.9104715557154639,0.9541580706380252,0.9323148131767445,0.9541580706380252,False,6,20857,25142,d__Bacteria;p__Bacteroidota;c__Bacteroidia;o__Bacteroidales;f__Bacteroidaceae;g__Prevotella;s__Prevotella sp900767615
420000,0.009010941857970392,0.0064516129032258064,0.00042909246942716153,0.00015909633282952827,2.0,2.0,1.0,/group/ctbrowngrp5/sourmash-db.new/gtdb-rs226/gtdb-rs226-k51.dna.rocksdb,GCF_002251455.1 Prevotella sp. P4-51,c22feea822101f2f02de185e6e17ee9f,0.13548387096774195,20000,242,23870000,outputs.mapping/bams.cds.rand/SRR14369219.x.s__Prevotella sp000434975.fastq.gz,SRR14369219.x.s__Prevotella sp000434975,07a94e46,46610000,51,DNA,10000,4661,True,0.9117955213433188,0.9615639839665758,0.9366797526549473,0.9615639839665758,False,4,20861,25142,d__Bacteria;p__Bacteroidota;c__Bacteroidia;o__Bacteroidales;f__Bacteroidaceae;g__Prevotella;s__Prevotella sp002251385
370000,0.007938210684402489,0.008,0.00042909246942716153,7.954816641476414e-05,1.0,1.0,0.0,/group/ctbrowngrp5/sourmash-db.new/gtdb-rs226/gtdb-rs226-k51.dna.rocksdb,GCA_945827515.1 uncultured Bacteroidales bacterium,63e4b17064b5f78030ac6faeacc8d512,0.148,20000,243,23850000,outputs.mapping/bams.cds.rand/SRR14369219.x.s__Prevotella sp000434975.fastq.gz,SRR14369219.x.s__Prevotella sp000434975,07a94e46,46610000,51,DNA,10000,4661,True,0.9095322244856591,0.963231378556417,0.9363818015210381,0.963231378556417,False,2,20863,25142,d__Bacteria;p__Bacteroidota;c__Bacteroidia;o__Bacteroidales;f__Bacteroidaceae;g__Prevotella;s__Prevotella sp900543975
80000,0.0017163698777086461,0.007633587786259542,0.00042909246942716153,0.00011932224962214622,1.5,1.5,0.5,/group/ctbrowngrp5/sourmash-db.new/gtdb-rs226/gtdb-rs226-k51.dna.rocksdb,GCA_945829355.1 uncultured Bacteroidales bacterium,0af2d5aed629dadf4b7255f0cd47a7d7,0.030534351145038167,20000,244,23830000,outputs.mapping/bams.cds.rand/SRR14369219.x.s__Prevotella sp000434975.fastq.gz,SRR14369219.x.s__Prevotella sp000434975,07a94e46,46610000,51,DNA,10000,4661,True,0.8826259338477538,0.9338776341705257,0.9082517840091398,0.9338776341705257,False,3,20866,25142,d__Bacteria;p__Bacteroidota;c__Bacteroidia;o__Bacteroidales;f__Bacteroidaceae;g__Alloprevotella;s__Alloprevotella sp004552155
420000,0.009010941857970392,0.006191950464396285,0.00042909246942716153,0.00011932224962214622,1.5,1.5,0.5,/group/ctbrowngrp5/sourmash-db.new/gtdb-rs226/gtdb-rs226-k51.dna.rocksdb,GCA_937991355.1 uncultured Prevotella sp.,0249e3d3c30725430f77b88f26622818,0.13003095975232198,20000,245,23810000,outputs.mapping/bams.cds.rand/SRR14369219.x.s__Prevotella sp000434975.fastq.gz,SRR14369219.x.s__Prevotella sp000434975,07a94e46,46610000,51,DNA,10000,4661,True,0.9117955213433188,0.9607897649741761,0.9362926431587475,0.9607897649741761,False,3,20869,25142,d__Bacteria;p__Bacteroidota;c__Bacteroidia;o__Bacteroidales;f__Bacteroidaceae;g__Prevotella;s__Prevotella sp900313215
70000,0.0015018236429950654,0.0030075187969924814,0.00042909246942716153,0.00011932224962214622,1.5,1.5,0.5,/group/ctbrowngrp5/sourmash-db.new/gtdb-rs226/gtdb-rs226-k51.dna.rocksdb,GCA_030839605.1 Bacteroides ovatus,e80435e8acdc5edea2caf99baf3e32d1,0.010526315789473684,20000,246,23790000,outputs.mapping/bams.cds.rand/SRR14369219.x.s__Prevotella sp000434975.fastq.gz,SRR14369219.x.s__Prevotella sp000434975,07a94e46,46610000,51,DNA,10000,4661,True,0.8803180100686623,0.9145787486024968,0.8974483793355795,0.9145787486024968,False,3,20872,25142,d__Bacteria;p__Bacteroidota;c__Bacteroidia;o__Bacteroidales;f__Bacteroidaceae;g__Bacteroides;s__Bacteroides ovatus
2310000,0.04956018021883716,0.008264462809917356,0.00042909246942716153,0.0002784185824516745,3.5,3.5,2.5,/group/ctbrowngrp5/sourmash-db.new/gtdb-rs226/gtdb-rs226-k51.dna.rocksdb,GCA_034105725.1 Prevotella sp.,4e610462ef4e503f46a7867b12337884,0.9545454545454546,20000,247,23770000,outputs.mapping/bams.cds.rand/SRR14369219.x.s__Prevotella sp000434975.fastq.gz,SRR14369219.x.s__Prevotella sp000434975,07a94e46,46610000,51,DNA,10000,4661,True,0.9427887034395062,0.9990882587195775,0.9709384810795418,0.9990882587195775,False,7,20879,25142,d__Bacteria;p__Bacteroidota;c__Bacteroidia;o__Bacteroidales;f__Bacteroidaceae;g__Prevotella;s__Prevotella sp000434975
150000,0.0032181935207037118,0.008264462809917356,0.00042909246942716153,0.00011932224962214622,1.5,1.5,0.5,/group/ctbrowngrp5/sourmash-db.new/gtdb-rs226/gtdb-rs226-k51.dna.rocksdb,GCF_945949315.1 uncultured Prevotella sp.,e25873f6a40d79d608f4d3d2ea5a4d98,0.06198347107438017,20000,248,23750000,outputs.mapping/bams.cds.rand/SRR14369219.x.s__Prevotella sp000434975.fastq.gz,SRR14369219.x.s__Prevotella sp000434975,07a94e46,46610000,51,DNA,10000,4661,True,0.8935722024166727,0.946932745901293,0.9202524741589828,0.946932745901293,False,3,20882,25142,d__Bacteria;p__Bacteroidota;c__Bacteroidia;o__Bacteroidales;f__Bacteroidaceae;g__Prevotella;s__Prevotella sp900553155
300000,0.0064363870414074235,0.005305039787798408,0.00042909246942716153,7.954816641476414e-05,1.0,1.0,0.0,/group/ctbrowngrp5/sourmash-db.new/gtdb-rs226/gtdb-rs226-k51.dna.rocksdb,GCF_018784085.1 Segatella copri,a80259a8178e0fbb66c8dc7c597f31df,0.07957559681697612,20000,249,23730000,outputs.mapping/bams.cds.rand/SRR14369219.x.s__Prevotella sp000434975.fastq.gz,SRR14369219.x.s__Prevotella sp000434975,07a94e46,46610000,51,DNA,10000,4661,True,0.9057997553656649,0.9515829781261322,0.9286913667458986,0.9515829781261322,False,2,20884,25142,d__Bacteria;p__Bacteroidota;c__Bacteroidia;o__Bacteroidales;f__Bacteroidaceae;g__Prevotella;s__Prevotella copri_B
30000,0.0006436387041407423,0.004405286343612335,0.00042909246942716153,0.00015909633282952827,2.0,2.0,0.0,/group/ctbrowngrp5/sourmash-db.new/gtdb-rs226/gtdb-rs226-k51.dna.rocksdb,GCA_021640335.1 Bacteroides sp.,77ff1f213b288ca8f72b8c2db7b65c66,0.006607929515418502,20000,250,23710000,outputs.mapping/bams.cds.rand/SRR14369219.x.s__Prevotella sp000434975.fastq.gz,SRR14369219.x.s__Prevotella sp000434975,07a94e46,46610000,51,DNA,10000,4661,True,0.8658135054815657,0.9062670377330572,0.8860402716073115,0.9062670377330572,True,4,20888,25142,d__Bacteria;p__Bacteroidota;c__Bacteroidia;o__Bacteroidales;f__UBA932;g__Cryptobacteroides;s__Cryptobacteroides sp934700615
90000,0.001930916112422227,0.004347826086956522,0.00042909246942716153,0.00011932224962214622,1.5,1.5,0.5,/group/ctbrowngrp5/sourmash-db.new/gtdb-rs226/gtdb-rs226-k51.dna.rocksdb,GCF_031293765.1 Bacteroides sp.,04b5609c2d72257240bb8ec2c1326184,0.01956521739130435,20000,251,23690000,outputs.mapping/bams.cds.rand/SRR14369219.x.s__Prevotella sp000434975.fastq.gz,SRR14369219.x.s__Prevotella sp000434975,07a94e46,46610000,51,DNA,10000,4661,True,0.8846666887248115,0.9257627446966956,0.9052147167107536,0.9257627446966956,False,3,20891,25142,d__Bacteria;p__Bacteroidota;c__Bacteroidia;o__Bacteroidales;f__Bacteroidaceae;g__Bacteroides;s__Bacteroides uniformis
90000,0.001930916112422227,0.011627906976744186,0.00042909246942716153,0.00011932224962214622,1.5,1.5,0.5,/group/ctbrowngrp5/sourmash-db.new/gtdb-rs226/gtdb-rs226-k51.dna.rocksdb,GCA_037070995.1 Bacteroidaceae bacterium,477378d8aa7b84e9cbd6916b0c9a06b8,0.05232558139534884,20000,252,23670000,outputs.mapping/bams.cds.rand/SRR14369219.x.s__Prevotella sp000434975.fastq.gz,SRR14369219.x.s__Prevotella sp000434975,07a94e46,46610000,51,DNA,10000,4661,True,0.8846666887248115,0.9437929878641802,0.9142298382944958,0.9437929878641802,False,3,20894,25142,d__Bacteria;p__Bacteroidota;c__Bacteroidia;o__Bacteroidales;f__Bacteroidaceae;g__UBA6398;s__UBA6398 sp003150315
30000,0.0006436387041407423,0.009478672985781991,0.00042909246942716153,0.0002784185824516745,3.5,3.5,1.5,/group/ctbrowngrp5/sourmash-db.new/gtdb-rs226/gtdb-rs226-k51.dna.rocksdb,GCA_029226005.1 Gemmiger formicilis,eb23e636fc4b5a29ab37cdb34569e2fe,0.014218009478672985,20000,253,23650000,outputs.mapping/bams.cds.rand/SRR14369219.x.s__Prevotella sp000434975.fastq.gz,SRR14369219.x.s__Prevotella sp000434975,07a94e46,46610000,51,DNA,10000,4661,True,0.8658135054815657,0.9199858611713313,0.8928996833264484,0.9199858611713313,True,7,20901,25142,d__Bacteria;p__Bacillota;c__Clostridia;o__Oscillospirales;f__Ruminococcaceae;g__Gemmiger;s__Gemmiger formicilis
20000,0.00042909246942716153,0.012658227848101266,0.00042909246942716153,0.00015909633282952827,2.0,2.0,1.0,/group/ctbrowngrp5/sourmash-db.new/gtdb-rs226/gtdb-rs226-k51.dna.rocksdb,GCA_029099345.1 Oscillospiraceae bacterium,1367a2896a9ff985284aeba16a2f5117,0.012658227848101266,20000,254,23630000,outputs.mapping/bams.cds.rand/SRR14369219.x.s__Prevotella sp000434975.fastq.gz,SRR14369219.x.s__Prevotella sp000434975,07a94e46,46610000,51,DNA,10000,4661,True,0.8589573220844791,0.9178920865148493,0.8884247042996642,0.9178920865148493,True,4,20905,25142,d__Bacteria;p__Bacillota;c__Clostridia;o__Oscillospirales;f__Oscillospiraceae;g__Hominicoprocola;s__Hominicoprocola sp016295615
170000,0.0036472859901308732,0.011111111111111112,0.00042909246942716153,0.00019887041603691035,2.5,2.5,0.5,/group/ctbrowngrp5/sourmash-db.new/gtdb-rs226/gtdb-rs226-k51.dna.rocksdb,GCA_945995225.1 uncultured Prevotella sp.,bc3d8576db03dbe78e9bc12682fe2a54,0.09444444444444444,20000,255,23610000,outputs.mapping/bams.cds.rand/SRR14369219.x.s__Prevotella sp000434975.fastq.gz,SRR14369219.x.s__Prevotella sp000434975,07a94e46,46610000,51,DNA,10000,4661,True,0.8957678819889173,0.9547846316545832,0.9252762568217503,0.9547846316545832,False,5,20910,25142,d__Bacteria;p__Bacteroidota;c__Bacteroidia;o__Bacteroidales;f__Bacteroidaceae;g__Prevotella;s__Prevotella sp900546535
490000,0.010512765500965459,0.007326007326007326,0.00042909246942716153,0.00011932224962214622,1.5,1.5,0.5,/group/ctbrowngrp5/sourmash-db.new/gtdb-rs226/gtdb-rs226-k51.dna.rocksdb,GCF_022771965.1 Prevotella sp.,fb16e6f6b81299e9a6641b96905a0301,0.1794871794871795,20000,256,23590000,outputs.mapping/bams.cds.rand/SRR14369219.x.s__Prevotella sp000434975.fastq.gz,SRR14369219.x.s__Prevotella sp000434975,07a94e46,46610000,51,DNA,10000,4661,True,0.9145556493848219,0.966881397384121,0.9407185233844715,0.966881397384121,False,3,20913,25142,d__Bacteria;p__Bacteroidota;c__Bacteroidia;o__Bacteroidales;f__Bacteroidaceae;g__Prevotella;s__Prevotella sp905193385
420000,0.009010941857970392,0.00823045267489712,0.00042909246942716153,0.00015909633282952827,2.0,2.0,1.0,/group/ctbrowngrp5/sourmash-db.new/gtdb-rs226/gtdb-rs226-k51.dna.rocksdb,GCA_034172385.1 Prevotella sp.,dd36129855869bd55ea63c49f111c952,0.1728395061728395,20000,257,23570000,outputs.mapping/bams.cds.rand/SRR14369219.x.s__Prevotella sp000434975.fastq.gz,SRR14369219.x.s__Prevotella sp000434975,07a94e46,46610000,51,DNA,10000,4661,True,0.9117955213433188,0.9661661636034452,0.938980842473382,0.9661661636034452,False,4,20917,25142,d__Bacteria;p__Bacteroidota;c__Bacteroidia;o__Bacteroidales;f__Bacteroidaceae;g__Prevotella;s__Prevotella sp900543975
290000,0.006221840806693842,0.006006006006006006,0.00042909246942716153,0.000517063081695967,6.5,6.5,5.5,/group/ctbrowngrp5/sourmash-db.new/gtdb-rs226/gtdb-rs226-k51.dna.rocksdb,GCA_963594595.1 Oscillibacter sp.,876c681f2b416096da565d9628810d58,0.08708708708708708,20000,258,23550000,outputs.mapping/bams.cds.rand/SRR14369219.x.s__Prevotella sp000434975.fastq.gz,SRR14369219.x.s__Prevotella sp000434975,07a94e46,46610000,51,DNA,10000,4661,True,0.9051978374615767,0.9532674844937903,0.9292326609776835,0.9532674844937903,False,13,20930,25142,d__Bacteria;p__Bacteroidota;c__Bacteroidia;o__Bacteroidales;f__Bacteroidaceae;g__Prevotella;s__Prevotella sp963594595
2530000,0.054280197382535936,0.006600660066006601,0.00042909246942716153,0.0002784185824516745,3.5,3.5,1.5,/group/ctbrowngrp5/sourmash-db.new/gtdb-rs226/gtdb-rs226-k51.dna.rocksdb,GCA_037247825.1 Prevotella sp.,d023cd9b314ef6acd6593cdde9eec80e,0.834983498349835,20000,259,23530000,outputs.mapping/bams.cds.rand/SRR14369219.x.s__Prevotella sp000434975.fastq.gz,SRR14369219.x.s__Prevotella sp000434975,07a94e46,46610000,51,DNA,10000,4661,True,0.9444719133289389,0.9964701013260007,0.9704710073274698,0.9964701013260007,False,7,20937,25142,d__Bacteria;p__Bacteroidota;c__Bacteroidia;o__Bacteroidales;f__Bacteroidaceae;g__Prevotella;s__Prevotella sp000434975
100000,0.002145462347135808,0.0056179775280898875,0.00042909246942716153,7.954816641476414e-05,1.0,1.0,0.0,/group/ctbrowngrp5/sourmash-db.new/gtdb-rs226/gtdb-rs226-k51.dna.rocksdb,GCA_022731175.1 Prevotella sp.,340cdd7fa1e6ae5d316d834b125296e9,0.028089887640449437,20000,260,23510000,outputs.mapping/bams.cds.rand/SRR14369219.x.s__Prevotella sp000434975.fastq.gz,SRR14369219.x.s__Prevotella sp000434975,07a94e46,46610000,51,DNA,10000,4661,True,0.8864962041104325,0.9323509373971498,0.9094235707537912,0.9323509373971498,False,2,20939,25142,d__Bacteria;p__Bacteroidota;c__Bacteroidia;o__Bacteroidales;f__Bacteroidaceae;g__Prevotella;s__Prevotella sp000436035
1500000,0.03218193520703712,0.006825938566552901,0.00042909246942716153,0.00011932224962214622,1.5,1.5,0.5,/group/ctbrowngrp5/sourmash-db.new/gtdb-rs226/gtdb-rs226-k51.dna.rocksdb,GCA_934215465.1 uncultured Prevotella sp.,d35eef126d6d7fec28b1f1a2f76297f4,0.5119453924914675,20000,261,23490000,outputs.mapping/bams.cds.rand/SRR14369219.x.s__Prevotella sp000434975.fastq.gz,SRR14369219.x.s__Prevotella sp000434975,07a94e46,46610000,51,DNA,10000,4661,True,0.9348404445370639,0.9869576160734634,0.9608990303052637,0.9869576160734634,False,3,20942,25142,d__Bacteria;p__Bacteroidota;c__Bacteroidia;o__Bacteroidales;f__Bacteroidaceae;g__Prevotella;s__Prevotella sp000434975
350000,0.007509118214975327,0.00641025641025641,0.00042909246942716153,0.00015909633282952827,2.0,2.0,1.0,/group/ctbrowngrp5/sourmash-db.new/gtdb-rs226/gtdb-rs226-k51.dna.rocksdb,GCA_934215365.1 uncultured Prevotella sp.,adf29a9744c4bc62d3a268019c488475,0.11217948717948718,20000,262,23470000,outputs.mapping/bams.cds.rand/SRR14369219.x.s__Prevotella sp000434975.fastq.gz,SRR14369219.x.s__Prevotella sp000434975,07a94e46,46610000,51,DNA,10000,4661,True,0.9085417334147434,0.958011785825327,0.9332767596200352,0.958011785825327,False,4,20946,25142,d__Bacteria;p__Bacteroidota;c__Bacteroidia;o__Bacteroidales;f__Bacteroidaceae;g__Prevotella;s__Prevotella copri_N
410000,0.008796395623256811,0.0061162079510703364,0.00042909246942716153,0.0003579667488664386,4.5,4.5,2.5,/group/ctbrowngrp5/sourmash-db.new/gtdb-rs226/gtdb-rs226-k51.dna.rocksdb,GCA_945874985.1 uncultured Prevotella sp.,da6a98edb54e3a63a2cde697e8a479cc,0.12538226299694188,20000,263,23450000,outputs.mapping/bams.cds.rand/SRR14369219.x.s__Prevotella sp000434975.fastq.gz,SRR14369219.x.s__Prevotella sp000434975,07a94e46,46610000,51,DNA,10000,4661,True,0.9113647988037672,0.9601041678410527,0.9357344833224099,0.9601041678410527,False,9,20955,25142,d__Bacteria;p__Bacteroidota;c__Bacteroidia;o__Bacteroidales;f__Bacteroidaceae;g__Prevotella;s__Prevotella sp900552515
410000,0.008796395623256811,0.008064516129032258,0.00042909246942716153,7.954816641476414e-05,1.0,1.0,0.0,/group/ctbrowngrp5/sourmash-db.new/gtdb-rs226/gtdb-rs226-k51.dna.rocksdb,GCA_945930095.1 uncultured Prevotella sp.,3a337bfcbfc0641239307d599fc16e21,0.16532258064516128,20000,264,23430000,outputs.mapping/bams.cds.rand/SRR14369219.x.s__Prevotella sp000434975.fastq.gz,SRR14369219.x.s__Prevotella sp000434975,07a94e46,46610000,51,DNA,10000,4661,True,0.9113647988037672,0.9653241691819866,0.938344483992877,0.9653241691819866,False,2,20957,25142,d__Bacteria;p__Bacteroidota;c__Bacteroidia;o__Bacteroidales;f__Bacteroidaceae;g__Prevotella;s__Prevotella sp900546535
460000,0.009869126796824716,0.006711409395973154,0.00042909246942716153,0.0003579667488664386,4.5,4.5,3.5,/group/ctbrowngrp5/sourmash-db.new/gtdb-rs226/gtdb-rs226-k51.dna.rocksdb,GCF_036313445.1 Prevotella pectinovora,0a663c02057b20667ea82b67c5d6418a,0.15436241610738255,20000,265,23410000,outputs.mapping/bams.cds.rand/SRR14369219.x.s__Prevotella sp000434975.fastq.gz,SRR14369219.x.s__Prevotella sp000434975,07a94e46,46610000,51,DNA,10000,4661,True,0.9134233974867922,0.9640266731703635,0.9387250353285779,0.9640266731703635,False,9,20966,25142,d__Bacteria;p__Bacteroidota;c__Bacteroidia;o__Bacteroidales;f__Bacteroidaceae;g__Prevotella;s__Prevotella pectinovora
20000,0.00042909246942716153,0.003952569169960474,0.00042909246942716153,0.0009943520801845517,12.5,12.5,11.5,/group/ctbrowngrp5/sourmash-db.new/gtdb-rs226/gtdb-rs226-k51.dna.rocksdb,GCA_947064455.1 Clostridium neonatale,fddb8181fad34322de4b3a5b20c98683,0.003952569169960474,20000,266,23390000,outputs.mapping/bams.cds.rand/SRR14369219.x.s__Prevotella sp000434975.fastq.gz,SRR14369219.x.s__Prevotella sp000434975,07a94e46,46610000,51,DNA,10000,4661,True,0.8589573220844791,0.8971808389049852,0.8780690804947322,0.8971808389049852,True,25,20991,25142,d__Bacteria;p__Bacillota;c__Clostridia;o__Clostridiales;f__Clostridiaceae;g__Clostridium;s__Clostridium neonatale
20000,0.00042909246942716153,0.007462686567164179,0.00042909246942716153,0.000517063081695967,6.5,6.5,5.5,/group/ctbrowngrp5/sourmash-db.new/gtdb-rs226/gtdb-rs226-k51.dna.rocksdb,GCA_021531315.1 Oscillibacter valericigenes,e3a0adb3601c06005d2da86cf1a2b756,0.007462686567164179,20000,267,23370000,outputs.mapping/bams.cds.rand/SRR14369219.x.s__Prevotella sp000434975.fastq.gz,SRR14369219.x.s__Prevotella sp000434975,07a94e46,46610000,51,DNA,10000,4661,True,0.8589573220844791,0.9084312442666432,0.8836942831755612,0.9084312442666432,True,13,21004,25142,d__Bacteria;p__Bacillota;c__Clostridia;o__Oscillospirales;f__Oscillospiraceae;g__Hominicoprocola;s__Hominicoprocola sp900552375
70000,0.0015018236429950654,0.01098901098901099,0.00042909246942716153,7.954816641476414e-05,1.0,1.0,0.0,/group/ctbrowngrp5/sourmash-db.new/gtdb-rs226/gtdb-rs226-k51.dna.rocksdb,GCA_900553155.1 uncultured Prevotella sp.,96454dee7e1378f518c62dc8907df7f0,0.038461538461538464,20000,268,23350000,outputs.mapping/bams.cds.rand/SRR14369219.x.s__Prevotella sp000434975.fastq.gz,SRR14369219.x.s__Prevotella sp000434975,07a94e46,46610000,51,DNA,10000,4661,True,0.8803180100686623,0.9381135837926067,0.9092157969306345,0.9381135837926067,False,2,21006,25142,d__Bacteria;p__Bacteroidota;c__Bacteroidia;o__Bacteroidales;f__Bacteroidaceae;g__Prevotella;s__Prevotella sp900553155
20000,0.00042909246942716153,0.006535947712418301,0.00042909246942716153,0.00019887041603691035,2.5,2.5,0.5,/group/ctbrowngrp5/sourmash-db.new/gtdb-rs226/gtdb-rs226-k51.dna.rocksdb,GCF_022786255.1 Blautia massiliensis (ex Durand et al. 2017),3dc72b0ac99fffc0397410b696f314e5,0.006535947712418301,20000,269,23330000,outputs.mapping/bams.cds.rand/SRR14369219.x.s__Prevotella sp000434975.fastq.gz,SRR14369219.x.s__Prevotella sp000434975,07a94e46,46610000,51,DNA,10000,4661,True,0.8589573220844791,0.9060724242444924,0.8825148731644857,0.9060724242444924,True,5,21011,25142,d__Bacteria;p__Bacillota;c__Clostridia;o__Lachnospirales;f__Lachnospiraceae;g__Blautia_A;s__Blautia_A fusiformis
130000,0.0027891010512765503,0.0076045627376425855,0.00042909246942716153,0.0007954816641476414,10.0,10.0,8.0,/group/ctbrowngrp5/sourmash-db.new/gtdb-rs226/gtdb-rs226-k51.dna.rocksdb,GCA_946060885.1 uncultured Bacteroidales bacterium,eb75b61305cc150b585fc8bfcf11d91b,0.049429657794676805,20000,270,23310000,outputs.mapping/bams.cds.rand/SRR14369219.x.s__Prevotella sp000434975.fastq.gz,SRR14369219.x.s__Prevotella sp000434975,07a94e46,46610000,51,DNA,10000,4661,True,0.8910684434513304,0.9427399553352893,0.9169041993933098,0.9427399553352893,False,20,21031,25142,d__Bacteria;p__Bacteroidota;c__Bacteroidia;o__Bacteroidales;f__F082;g__Limimorpha;s__Limimorpha sp900769945
90000,0.001930916112422227,0.003048780487804878,0.00042909246942716153,0.00019887041603691035,2.5,2.5,0.5,/group/ctbrowngrp5/sourmash-db.new/gtdb-rs226/gtdb-rs226-k51.dna.rocksdb,GCF_041225725.1 Bacteroides xylanisolvens,62dd1a82a443a31643eb1baaf6e26019,0.013719512195121951,20000,271,23290000,outputs.mapping/bams.cds.rand/SRR14369219.x.s__Prevotella sp000434975.fastq.gz,SRR14369219.x.s__Prevotella sp000434975,07a94e46,46610000,51,DNA,10000,4661,True,0.8846666887248115,0.9193422700635856,0.9020044793941986,0.9193422700635856,False,5,21036,25142,d__Bacteria;p__Bacteroidota;c__Bacteroidia;o__Bacteroidales;f__Bacteroidaceae;g__Bacteroides;s__Bacteroides xylanisolvens
640000,0.013730959021669169,0.005154639175257732,0.00042909246942716153,0.00011932224962214622,1.5,1.5,0.5,/group/ctbrowngrp5/sourmash-db.new/gtdb-rs226/gtdb-rs226-k51.dna.rocksdb,GCA_019409385.1 bacterium,5c6752bffab256bdaa5f71d6c71698db,0.16494845360824742,20000,272,23270000,outputs.mapping/bams.cds.rand/SRR14369219.x.s__Prevotella sp000434975.fastq.gz,SRR14369219.x.s__Prevotella sp000434975,07a94e46,46610000,51,DNA,10000,4661,True,0.9193573041112434,0.9652812874669134,0.9423192957890785,0.9652812874669134,False,3,21039,25142,d__Bacteria;p__Bacteroidota;c__Bacteroidia;o__Bacteroidales;f__Bacteroidaceae;g__Prevotella;s__Prevotella sp900546535
2250000,0.04827290281055568,0.00819672131147541,0.00042909246942716153,0.00019887041603691035,2.5,2.5,1.5,/group/ctbrowngrp5/sourmash-db.new/gtdb-rs226/gtdb-rs226-k51.dna.rocksdb,GCA_022780445.1 Prevotella sp.,5e424095cf0d43e0dc7e7f84e3daf9c6,0.9221311475409836,20000,273,23250000,outputs.mapping/bams.cds.rand/SRR14369219.x.s__Prevotella sp000434975.fastq.gz,SRR14369219.x.s__Prevotella sp000434975,07a94e46,46610000,51,DNA,10000,4661,True,0.9423023257853732,0.9984116975309622,0.9703570116581677,0.9984116975309622,False,5,21044,25142,d__Bacteria;p__Bacteroidota;c__Bacteroidia;o__Bacteroidales;f__Bacteroidaceae;g__Prevotella;s__Prevotella sp000434975
2050000,0.04398197811628406,0.008403361344537815,0.00042909246942716153,0.00023864449924429243,3.0,3.0,1.0,/group/ctbrowngrp5/sourmash-db.new/gtdb-rs226/gtdb-rs226-k51.dna.rocksdb,GCA_036303345.1 Prevotella sp.,45e62c06d1b677460d3564aea06187f4,0.8613445378151261,20000,274,23230000,outputs.mapping/bams.cds.rand/SRR14369219.x.s__Prevotella sp000434975.fastq.gz,SRR14369219.x.s__Prevotella sp000434975,07a94e46,46610000,51,DNA,10000,4661,True,0.9405839078695787,0.9970775982687791,0.9688307530691789,0.9970775982687791,False,6,21050,25142,d__Bacteria;p__Bacteroidota;c__Bacteroidia;o__Bacteroidales;f__Bacteroidaceae;g__Prevotella;s__Prevotella sp000434975
380000,0.00815275691911607,0.01,0.00042909246942716153,0.0004375149152812028,5.5,5.5,4.5,/group/ctbrowngrp5/sourmash-db.new/gtdb-rs226/gtdb-rs226-k51.dna.rocksdb,GCA_945963845.1 uncultured Prevotella sp.,a92b4b45302c782c4a5ff6e747a8a447,0.19,20000,275,23210000,outputs.mapping/bams.cds.rand/SRR14369219.x.s__Prevotella sp000434975.fastq.gz,SRR14369219.x.s__Prevotella sp000434975,07a94e46,46610000,51,DNA,10000,4661,True,0.9100079494447633,0.9679611207791701,0.9389845351119667,0.9679611207791701,False,11,21061,25142,d__Bacteria;p__Bacteroidota;c__Bacteroidia;o__Bacteroidales;f__Bacteroidaceae;g__Prevotella;s__Prevotella sp900313215
40000,0.0008581849388543231,8.643378523797383e-06,0.00042909246942716153,7.954816641476414e-05,1.0,1.0,0.0,/group/ctbrowngrp5/sourmash-db.new/ncbi-euks-2025.01/ncbi-euks-all-2025.01-k51.dna.rocksdb,GCA_028533215.1 North Sulawesi babirusa (Babyrousa celebensis),9e113c6dcedb7ae538351720d0618ddf,1.7286757047594765e-05,20000,276,23190000,outputs.mapping/bams.cds.rand/SRR14369219.x.s__Prevotella sp000434975.fastq.gz,SRR14369219.x.s__Prevotella sp000434975,07a94e46,46610000,51,DNA,10000,4661,True,0.8707112084613239,0.8065324285001775,0.8386218184807507,0.8707112084613239,True,2,21063,25142,Eukaryota;Chordata;Mammalia;Artiodactyla;Suidae;Babyrousa;Babyrousa celebensis;unclassified Babyrousa celebensis subspecies/strain
10000,0.00021454623471358077,0.0022371364653243847,0.00021454623471358077,3.977408320738207e-05,1.0,1.0,0.0,/group/ctbrowngrp5/sourmash-db.new/gtdb-rs226/gtdb-rs226-k51.dna.rocksdb,GCA_948687085.1 uncultured Lachnospiraceae bacterium,51f875fbb660e3bbe28fb95d5ef3a9e0,0.0022371364653243847,10000,277,23180000,outputs.mapping/bams.cds.rand/SRR14369219.x.s__Prevotella sp000434975.fastq.gz,SRR14369219.x.s__Prevotella sp000434975,07a94e46,46610000,51,DNA,10000,4661,True,0.8473621035226538,0.8872238050370874,0.8672929542798706,0.8872238050370874,True,1,21064,25142,d__Bacteria;p__Bacillota;c__Clostridia;o__Lachnospirales;f__Lachnospiraceae;g__UBA3282;s__UBA3282 sp910578115
10000,0.00021454623471358077,0.0078125,0.00021454623471358077,3.977408320738207e-05,1.0,1.0,0.0,/group/ctbrowngrp5/sourmash-db.new/gtdb-rs226/gtdb-rs226-k51.dna.rocksdb,GCA_000149125.2 Lactobacillus iners LactinV 01V1-a,d80c8193683d6f58cadcd40159d590a9,0.0078125,10000,278,23170000,outputs.mapping/bams.cds.rand/SRR14369219.x.s__Prevotella sp000434975.fastq.gz,SRR14369219.x.s__Prevotella sp000434975,07a94e46,46610000,51,DNA,10000,4661,True,0.8473621035226538,0.9092475875837274,0.8783048455531905,0.9092475875837274,True,1,21065,25142,d__Bacteria;p__Bacillota;c__Bacilli;o__Lactobacillales;f__Lactobacillaceae;g__Lactobacillus;s__Lactobacillus iners
480000,0.010298219266251877,0.003436426116838488,0.00021454623471358077,3.977408320738207e-05,1.0,1.0,0.0,/group/ctbrowngrp5/sourmash-db.new/gtdb-rs226/gtdb-rs226-k51.dna.rocksdb,GCF_000833995.1 Prevotella pectinovora,79de9c3502c6a3fe77fe820bc2cde0b5,0.16494845360824742,10000,279,23160000,outputs.mapping/bams.cds.rand/SRR14369219.x.s__Prevotella sp000434975.fastq.gz,SRR14369219.x.s__Prevotella sp000434975,07a94e46,46610000,51,DNA,10000,4661,True,0.9141859695010398,0.9652812874669134,0.9397336284839766,0.9652812874669134,False,1,21066,25142,d__Bacteria;p__Bacteroidota;c__Bacteroidia;o__Bacteroidales;f__Bacteroidaceae;g__Prevotella;s__Prevotella pectinovora
1510000,0.032396481441750696,0.003401360544217687,0.00021454623471358077,0.00047728899848858487,12.0,12.0,0.0,/group/ctbrowngrp5/sourmash-db.new/gtdb-rs226/gtdb-rs226-k51.dna.rocksdb,GCA_037324165.1 Prevotella sp.,71d5b9814f6e738326ef10560abad720,0.5136054421768708,10000,280,23150000,outputs.mapping/bams.cds.rand/SRR14369219.x.s__Prevotella sp000434975.fastq.gz,SRR14369219.x.s__Prevotella sp000434975,07a94e46,46610000,51,DNA,10000,4661,True,0.9349622483003038,0.9870202682813144,0.9609912582908091,0.9870202682813144,False,12,21078,25142,d__Bacteria;p__Bacteroidota;c__Bacteroidia;o__Bacteroidales;f__Bacteroidaceae;g__Prevotella;s__Prevotella sp000434975
10000,0.00021454623471358077,0.004424778761061947,0.00021454623471358077,3.977408320738207e-05,1.0,1.0,0.0,/group/ctbrowngrp5/sourmash-db.new/gtdb-rs226/gtdb-rs226-k51.dna.rocksdb,GCA_905199075.1 uncultured Clostridium sp.,49c06980bcfc13c8fc1e95e2fbbc3fc0,0.004424778761061947,10000,281,23140000,outputs.mapping/bams.cds.rand/SRR14369219.x.s__Prevotella sp000434975.fastq.gz,SRR14369219.x.s__Prevotella sp000434975,07a94e46,46610000,51,DNA,10000,4661,True,0.8473621035226538,0.8991683485884662,0.87326522605556,0.8991683485884662,True,1,21079,25142,d__Bacteria;p__Bacillota;c__Clostridia;o__Lachnospirales;f__Lachnospiraceae;g__Laedolimicola;s__Laedolimicola intestinihominis
20000,0.00042909246942716153,0.0025380710659898475,0.00021454623471358077,7.954816641476414e-05,2.0,2.0,0.0,/group/ctbrowngrp5/sourmash-db.new/gtdb-rs226/gtdb-rs226-k51.dna.rocksdb,GCF_022132365.1 Intestinimonas massiliensis (ex Afouda et al. 2020),e41fa2b5134adf99864f6b3276bf1b0d,0.005076142131979695,10000,282,23130000,outputs.mapping/bams.cds.rand/SRR14369219.x.s__Prevotella sp000434975.fastq.gz,SRR14369219.x.s__Prevotella sp000434975,07a94e46,46610000,51,DNA,10000,4661,True,0.8589573220844791,0.9015928650194664,0.8802750935519728,0.9015928650194664,True,2,21081,25142,d__Bacteria;p__Bacillota;c__Clostridia;o__Oscillospirales;f__Oscillospiraceae;g__Intestinimonas;s__Intestinimonas massiliensis
70000,0.0015018236429950654,0.003246753246753247,0.00021454623471358077,3.977408320738207e-05,1.0,1.0,0.0,/group/ctbrowngrp5/sourmash-db.new/gtdb-rs226/gtdb-rs226-k51.dna.rocksdb,GCF_037304545.1 Hallella sp.,3f446f2f574c0b54629445df059d6e7f,0.022727272727272728,10000,283,23120000,outputs.mapping/bams.cds.rand/SRR14369219.x.s__Prevotella sp000434975.fastq.gz,SRR14369219.x.s__Prevotella sp000434975,07a94e46,46610000,51,DNA,10000,4661,True,0.8803180100686623,0.9284861667955484,0.9044020884321053,0.9284861667955484,False,1,21082,25142,d__Bacteria;p__Bacteroidota;c__Bacteroidia;o__Bacteroidales;f__Bacteroidaceae;g__Prevotella;s__Prevotella faecis
10000,0.00021454623471358077,0.0036496350364963502,0.00021454623471358077,3.977408320738207e-05,1.0,1.0,0.0,/group/ctbrowngrp5/sourmash-db.new/gtdb-rs226/gtdb-rs226-k51.dna.rocksdb,GCA_015561015.1 [Eubacterium] siraeum,cebe02d4842c7a9ad7e97e4b05e36dd4,0.0036496350364963502,10000,284,23110000,outputs.mapping/bams.cds.rand/SRR14369219.x.s__Prevotella sp000434975.fastq.gz,SRR14369219.x.s__Prevotella sp000434975,07a94e46,46610000,51,DNA,10000,4661,True,0.8473621035226538,0.895779190619195,0.8715706470709244,0.895779190619195,True,1,21083,25142,d__Bacteria;p__Bacillota;c__Clostridia;o__Oscillospirales;f__Ruminococcaceae;g__Ruminiclostridium_E;s__Ruminiclostridium_E siraeum
30000,0.0006436387041407423,0.0036363636363636364,0.00021454623471358077,7.954816641476414e-05,2.0,2.0,0.0,/group/ctbrowngrp5/sourmash-db.new/gtdb-rs226/gtdb-rs226-k51.dna.rocksdb,GCF_900240265.1 Galactobacillus timonensis,79491083893ba81e3570b6b1f450e522,0.01090909090909091,10000,285,23100000,outputs.mapping/bams.cds.rand/SRR14369219.x.s__Prevotella sp000434975.fastq.gz,SRR14369219.x.s__Prevotella sp000434975,07a94e46,46610000,51,DNA,10000,4661,True,0.8658135054815657,0.9152195023515288,0.8905165039165472,0.9152195023515288,True,2,21085,25142,d__Bacteria;p__Bacillota;c__Bacilli;o__Erysipelotrichales;f__Erysipelotrichaceae;g__Bulleidia;s__Bulleidia timonensis
50000,0.001072731173567904,0.0019267822736030828,0.00021454623471358077,0.0007557075809402593,19.0,19.0,0.0,/group/ctbrowngrp5/sourmash-db.new/gtdb-rs226/gtdb-rs226-k51.dna.rocksdb,GCF_008572045.1 Phocaeicola dorei,36c6eb542a6f88af91cfc212fdcc803c,0.009633911368015413,10000,286,23090000,outputs.mapping/bams.cds.rand/SRR14369219.x.s__Prevotella sp000434975.fastq.gz,SRR14369219.x.s__Prevotella sp000434975,07a94e46,46610000,51,DNA,10000,4661,True,0.8745292332533195,0.9129914670168088,0.8937603501350642,0.9129914670168088,True,19,21104,25142,d__Bacteria;p__Bacteroidota;c__Bacteroidia;o__Bacteroidales;f__Bacteroidaceae;g__Phocaeicola;s__Phocaeicola dorei
10000,0.00021454623471358077,0.004807692307692308,0.00021454623471358077,0.0003579667488664386,9.0,9.0,0.0,/group/ctbrowngrp5/sourmash-db.new/gtdb-rs226/gtdb-rs226-k51.dna.rocksdb,GCF_025144545.1 Acidaminococcus intestini,f87f706dea65d8ac6f7253e4fe642d16,0.004807692307692308,10000,287,23080000,outputs.mapping/bams.cds.rand/SRR14369219.x.s__Prevotella sp000434975.fastq.gz,SRR14369219.x.s__Prevotella sp000434975,07a94e46,46610000,51,DNA,10000,4661,True,0.8473621035226538,0.9006328380135685,0.8739974707681112,0.9006328380135685,True,9,21113,25142,d__Bacteria;p__Bacillota;c__Negativicutes;o__Acidaminococcales;f__Acidaminococcaceae;g__Acidaminococcus;s__Acidaminococcus intestini
10000,0.00021454623471358077,0.004166666666666667,0.00021454623471358077,3.977408320738207e-05,1.0,1.0,0.0,/group/ctbrowngrp5/sourmash-db.new/gtdb-rs226/gtdb-rs226-k51.dna.rocksdb,GCA_023446195.1 Bacillota bacterium,e8e9ceeca62935818db408271de37ded,0.004166666666666667,10000,288,23070000,outputs.mapping/bams.cds.rand/SRR14369219.x.s__Prevotella sp000434975.fastq.gz,SRR14369219.x.s__Prevotella sp000434975,07a94e46,46610000,51,DNA,10000,4661,True,0.8473621035226538,0.8981092953870639,0.8727356994548588,0.8981092953870639,True,1,21114,25142,d__Bacteria;p__Bacillota;c__Clostridia;o__Lachnospirales;f__Lachnospiraceae;g__Agathobacter;s__Agathobacter faecis
10000,0.00021454623471358077,0.004347826086956522,0.00021454623471358077,3.977408320738207e-05,1.0,1.0,0.0,/group/ctbrowngrp5/sourmash-db.new/gtdb-rs226/gtdb-rs226-k51.dna.rocksdb,GCA_022774745.1 Lachnobacterium sp.,1595607f01661665cf0f818fe3469e66,0.004347826086956522,10000,289,23060000,outputs.mapping/bams.cds.rand/SRR14369219.x.s__Prevotella sp000434975.fastq.gz,SRR14369219.x.s__Prevotella sp000434975,07a94e46,46610000,51,DNA,10000,4661,True,0.8473621035226538,0.8988590824149439,0.8731105929687989,0.8988590824149439,True,1,21115,25142,d__Bacteria;p__Bacillota;c__Clostridia;o__Lachnospirales;f__Lachnospiraceae;g__Agathobacter;s__Agathobacter sp900549895
10000,0.00021454623471358077,0.0037735849056603774,0.00021454623471358077,0.0002784185824516745,7.0,7.0,0.0,/group/ctbrowngrp5/sourmash-db.new/gtdb-rs226/gtdb-rs226-k51.dna.rocksdb,GCF_018918025.1 Oscillibacter sp. MSJ-31,b4b9b3d4ee70eb2a856753f090684864,0.0037735849056603774,10000,290,23050000,outputs.mapping/bams.cds.rand/SRR14369219.x.s__Prevotella sp000434975.fastq.gz,SRR14369219.x.s__Prevotella sp000434975,07a94e46,46610000,51,DNA,10000,4661,True,0.8473621035226538,0.8963660000844977,0.8718640518035758,0.8963660000844977,True,7,21122,25142,d__Bacteria;p__Bacillota;c__Clostridia;o__Oscillospirales;f__Oscillospiraceae;g__Hominicoprocola;s__Hominicoprocola sp900317525
60000,0.0012872774082814847,0.004629629629629629,0.00021454623471358077,3.977408320738207e-05,1.0,1.0,0.0,/group/ctbrowngrp5/sourmash-db.new/gtdb-rs226/gtdb-rs226-k51.dna.rocksdb,GCA_022784065.1 Bacteroidales bacterium,51d671de84cc15ed053b550c5369dad1,0.027777777777777776,10000,291,23040000,outputs.mapping/bams.cds.rand/SRR14369219.x.s__Prevotella sp000434975.fastq.gz,SRR14369219.x.s__Prevotella sp000434975,07a94e46,46610000,51,DNA,10000,4661,True,0.8776612111886104,0.9321466962947733,0.9049039537416919,0.9321466962947733,True,1,21123,25142,d__Bacteria;p__Bacteroidota;c__Bacteroidia;o__Bacteroidales;f__Bacteroidaceae;g__Alloprevotella;s__Alloprevotella sp022784065
10000,0.00021454623471358077,0.0031746031746031746,0.00021454623471358077,0.00011932224962214622,3.0,3.0,0.0,/group/ctbrowngrp5/sourmash-db.new/gtdb-rs226/gtdb-rs226-k51.dna.rocksdb,GCA_028727045.1 Lachnospiraceae bacterium,1fa4a523766f9aee9cac3c30ff79928c,0.0031746031746031746,10000,292,23030000,outputs.mapping/bams.cds.rand/SRR14369219.x.s__Prevotella sp000434975.fastq.gz,SRR14369219.x.s__Prevotella sp000434975,07a94e46,46610000,51,DNA,10000,4661,True,0.8473621035226538,0.8933332906387786,0.8703476970807162,0.8933332906387786,True,3,21126,25142,d__Bacteria;p__Bacillota;c__Clostridia;o__Lachnospirales;f__Lachnospiraceae;g__Suilimivivens;s__Suilimivivens sp017622575
500000,0.010727311735679038,0.003952569169960474,0.00021454623471358077,0.00015909633282952827,4.0,4.0,0.0,/group/ctbrowngrp5/sourmash-db.new/gtdb-rs226/gtdb-rs226-k51.dna.rocksdb,GCF_945905825.1 uncultured Prevotella sp.,30042359fd06369500929057f728538f,0.1976284584980237,10000,293,23020000,outputs.mapping/bams.cds.rand/SRR14369219.x.s__Prevotella sp000434975.fastq.gz,SRR14369219.x.s__Prevotella sp000434975,07a94e46,46610000,51,DNA,10000,4661,True,0.9149180054662999,0.9687085370718208,0.9418132712690603,0.9687085370718208,False,4,21130,25142,d__Bacteria;p__Bacteroidota;c__Bacteroidia;o__Bacteroidales;f__Bacteroidaceae;g__Prevotella;s__Prevotella pectinovora
10000,0.00021454623471358077,0.003246753246753247,0.00021454623471358077,3.977408320738207e-05,1.0,1.0,0.0,/group/ctbrowngrp5/sourmash-db.new/gtdb-rs226/gtdb-rs226-k51.dna.rocksdb,GCA_029378265.1 bacterium,f8db21f39aa838afac6e1cec5a9c35f7,0.003246753246753247,10000,294,23010000,outputs.mapping/bams.cds.rand/SRR14369219.x.s__Prevotella sp000434975.fastq.gz,SRR14369219.x.s__Prevotella sp000434975,07a94e46,46610000,51,DNA,10000,4661,True,0.8473621035226538,0.8937270195417178,0.8705445615321858,0.8937270195417178,True,1,21131,25142,d__Bacteria;p__Bacteroidota;c__Bacteroidia;o__Bacteroidales;f__Tannerellaceae;g__Parabacteroides;s__Parabacteroides sp004562445
50000,0.001072731173567904,0.00398406374501992,0.00021454623471358077,3.977408320738207e-05,1.0,1.0,0.0,/group/ctbrowngrp5/sourmash-db.new/gtdb-rs226/gtdb-rs226-k51.dna.rocksdb,GCA_037322555.1 Prevotella sp.,bd95101f48066e04795cf14b6e047f89,0.0199203187250996,10000,295,23000000,outputs.mapping/bams.cds.rand/SRR14369219.x.s__Prevotella sp000434975.fastq.gz,SRR14369219.x.s__Prevotella sp000434975,07a94e46,46610000,51,DNA,10000,4661,True,0.8745292332533195,0.9260893040135959,0.9003092686334577,0.9260893040135959,True,1,21132,25142,d__Bacteria;p__Bacteroidota;c__Bacteroidia;o__Bacteroidales;f__Bacteroidaceae;g__Prevotella;s__Prevotella sp900552675
10000,0.00021454623471358077,0.00625,0.00021454623471358077,0.00011932224962214622,3.0,3.0,0.0,/group/ctbrowngrp5/sourmash-db.new/gtdb-rs226/gtdb-rs226-k51.dna.rocksdb,GCA_034181665.1 Collinsella sp.,e3c720e74919261e21751b4a7892bb5b,0.00625,10000,296,22990000,outputs.mapping/bams.cds.rand/SRR14369219.x.s__Prevotella sp000434975.fastq.gz,SRR14369219.x.s__Prevotella sp000434975,07a94e46,46610000,51,DNA,10000,4661,True,0.8473621035226538,0.9052779891993,0.8763200463609769,0.9052779891993,True,3,21135,25142,d__Bacteria;p__Actinomycetota;c__Coriobacteriia;o__Coriobacteriales;f__Coriobacteriaceae;g__Collinsella;s__Collinsella sp002391315
10000,0.00021454623471358077,0.00423728813559322,0.00021454623471358077,3.977408320738207e-05,1.0,1.0,0.0,/group/ctbrowngrp5/sourmash-db.new/gtdb-rs226/gtdb-rs226-k51.dna.rocksdb,GCA_946406985.1 uncultured Prevotella sp.,0934fc4c5886022bdaf87686087ec2ed,0.00423728813559322,10000,297,22980000,outputs.mapping/bams.cds.rand/SRR14369219.x.s__Prevotella sp000434975.fastq.gz,SRR14369219.x.s__Prevotella sp000434975,07a94e46,46610000,51,DNA,10000,4661,True,0.8473621035226538,0.8984053172829363,0.8728837104027951,0.8984053172829363,True,1,21136,25142,d__Bacteria;p__Bacteroidota;c__Bacteroidia;o__Bacteroidales;f__Bacteroidaceae;g__Prevotella;s__Prevotella sp022782305
400000,0.008581849388543231,0.0026109660574412533,0.00021454623471358077,3.977408320738207e-05,1.0,1.0,0.0,/group/ctbrowngrp5/sourmash-db.new/gtdb-rs226/gtdb-rs226-k51.dna.rocksdb,GCF_036938025.1 Segatella copri,3c862cb708a7bf48869d9fa8fea264e7,0.10443864229765012,10000,298,22970000,outputs.mapping/bams.cds.rand/SRR14369219.x.s__Prevotella sp000434975.fastq.gz,SRR14369219.x.s__Prevotella sp000434975,07a94e46,46610000,51,DNA,10000,4661,True,0.9109236511386366,0.9566696242467349,0.9337966376926857,0.9566696242467349,False,1,21137,25142,d__Bacteria;p__Bacteroidota;c__Bacteroidia;o__Bacteroidales;f__Bacteroidaceae;g__Prevotella;s__Prevotella copri_K
30000,0.0006436387041407423,0.005154639175257732,0.00021454623471358077,7.954816641476414e-05,2.0,2.0,0.0,/group/ctbrowngrp5/sourmash-db.new/gtdb-rs226/gtdb-rs226-k51.dna.rocksdb,GCA_008667695.1 Neglectibacter sp.,81076f9b3db283fa727ec01313eb44c5,0.015463917525773196,10000,299,22960000,outputs.mapping/bams.cds.rand/SRR14369219.x.s__Prevotella sp000434975.fastq.gz,SRR14369219.x.s__Prevotella sp000434975,07a94e46,46610000,51,DNA,10000,4661,True,0.8658135054815657,0.9215023800946508,0.8936579427881082,0.9215023800946508,True,2,21139,25142,d__Bacteria;p__Bacillota;c__Clostridia;o__Oscillospirales;f__Acutalibacteraceae;g__Hominenteromicrobium;s__Hominenteromicrobium mulieris
10000,0.00021454623471358077,0.0025974025974025974,0.00021454623471358077,3.977408320738207e-05,1.0,1.0,0.0,/group/ctbrowngrp5/sourmash-db.new/gtdb-rs226/gtdb-rs226-k51.dna.rocksdb,GCA_900170005.1 Gordonibacter massiliensis (ex Traore et al. 2017),c493ea4c12b3aaeb4514a0c4002b8391,0.0025974025974025974,10000,300,22950000,outputs.mapping/bams.cds.rand/SRR14369219.x.s__Prevotella sp000434975.fastq.gz,SRR14369219.x.s__Prevotella sp000434975,07a94e46,46610000,51,DNA,10000,4661,True,0.8473621035226538,0.8898251809431468,0.8685936422329004,0.8898251809431468,True,1,21140,25142,d__Bacteria;p__Actinomycetota;c__Coriobacteriia;o__Coriobacteriales;f__Eggerthellaceae;g__Gordonibacter;s__Gordonibacter massiliensis
270000,0.005792748337266681,0.0027548209366391185,0.00021454623471358077,3.977408320738207e-05,1.0,1.0,0.0,/group/ctbrowngrp5/sourmash-db.new/gtdb-rs226/gtdb-rs226-k51.dna.rocksdb,GCF_003465495.1 Segatella copri,7eef0178da9e0c68d35b6e2309d2f4d9,0.0743801652892562,10000,301,22940000,outputs.mapping/bams.cds.rand/SRR14369219.x.s__Prevotella sp000434975.fastq.gz,SRR14369219.x.s__Prevotella sp000434975,07a94e46,46610000,51,DNA,10000,4661,True,0.9039304020835534,0.9503240247214809,0.9271272134025171,0.9503240247214809,False,1,21141,25142,d__Bacteria;p__Bacteroidota;c__Bacteroidia;o__Bacteroidales;f__Bacteroidaceae;g__Prevotella;s__Prevotella copri_G
160000,0.0034327397554172923,0.0037593984962406013,0.00021454623471358077,0.00011932224962214622,3.0,3.0,0.0,/group/ctbrowngrp5/sourmash-db.new/gtdb-rs226/gtdb-rs226-k51.dna.rocksdb,GCA_037320745.1 Segatella copri,c455ec42c0abc3c3d562f2038caddeb8,0.06015037593984962,10000,302,22930000,outputs.mapping/bams.cds.rand/SRR14369219.x.s__Prevotella sp000434975.fastq.gz,SRR14369219.x.s__Prevotella sp000434975,07a94e46,46610000,51,DNA,10000,4661,True,0.8947036991487437,0.9463755181673623,0.9205396086580531,0.9463755181673623,False,3,21144,25142,d__Bacteria;p__Bacteroidota;c__Bacteroidia;o__Bacteroidales;f__Bacteroidaceae;g__Prevotella;s__Prevotella copri_A
10000,0.00021454623471358077,0.004878048780487805,0.00021454623471358077,3.977408320738207e-05,1.0,1.0,0.0,/group/ctbrowngrp5/sourmash-db.new/gtdb-rs226/gtdb-rs226-k51.dna.rocksdb,GCF_004368255.1 Helicobacter pullorum,7f698ddb50026d8b53f2f49f9fc85d21,0.004878048780487805,10000,303,22920000,outputs.mapping/bams.cds.rand/SRR14369219.x.s__Prevotella sp000434975.fastq.gz,SRR14369219.x.s__Prevotella sp000434975,07a94e46,46610000,51,DNA,10000,4661,True,0.8473621035226538,0.9008894330777228,0.8741257683001884,0.9008894330777228,True,1,21145,25142,d__Bacteria;p__Campylobacterota;c__Campylobacteria;o__Campylobacterales;f__Helicobacteraceae;g__Helicobacter_D;s__Helicobacter_D pullorum
60000,0.0012872774082814847,0.004132231404958678,0.00021454623471358077,7.954816641476414e-05,2.0,2.0,0.0,/group/ctbrowngrp5/sourmash-db.new/gtdb-rs226/gtdb-rs226-k51.dna.rocksdb,GCA_022776035.1 Bacteroidales bacterium,fb38a1b956f63bab4dfbe362fbdcd88f,0.024793388429752067,10000,304,22910000,outputs.mapping/bams.cds.rand/SRR14369219.x.s__Prevotella sp000434975.fastq.gz,SRR14369219.x.s__Prevotella sp000434975,07a94e46,46610000,51,DNA,10000,4661,True,0.8776612111886104,0.9300716141730985,0.9038664126808544,0.9300716141730985,True,2,21147,25142,d__Bacteria;p__Bacteroidota;c__Bacteroidia;o__Bacteroidales;f__Muribaculaceae;g__Sodaliphilus;s__Sodaliphilus sp004557565
10000,0.00021454623471358077,0.004273504273504274,0.00021454623471358077,3.977408320738207e-05,1.0,1.0,0.0,/group/ctbrowngrp5/sourmash-db.new/gtdb-rs226/gtdb-rs226-k51.dna.rocksdb,GCA_034113185.1 Alloprevotella sp.,1fe92a167f6a6086e1b2c3fa479d8538,0.004273504273504274,10000,305,22900000,outputs.mapping/bams.cds.rand/SRR14369219.x.s__Prevotella sp000434975.fastq.gz,SRR14369219.x.s__Prevotella sp000434975,07a94e46,46610000,51,DNA,10000,4661,True,0.8473621035226538,0.8985552523193859,0.8729586779210199,0.8985552523193859,True,1,21148,25142,d__Bacteria;p__Bacteroidota;c__Bacteroidia;o__Bacteroidales;f__Bacteroidaceae;g__Alloprevotella;s__Alloprevotella sp004555425
10000,0.00021454623471358077,0.007246376811594203,0.00021454623471358077,0.00023864449924429243,6.0,6.0,0.0,/group/ctbrowngrp5/sourmash-db.new/gtdb-rs226/gtdb-rs226-k51.dna.rocksdb,GCA_946415855.1 uncultured Clostridia bacterium,ce8271417a79b852b6989beaf8f856e9,0.007246376811594203,10000,306,22890000,outputs.mapping/bams.cds.rand/SRR14369219.x.s__Prevotella sp000434975.fastq.gz,SRR14369219.x.s__Prevotella sp000434975,07a94e46,46610000,51,DNA,10000,4661,True,0.8473621035226538,0.9079074641021062,0.87763478381238,0.9079074641021062,True,6,21154,25142,d__Bacteria;p__Bacillota;c__Clostridia;o__Oscillospirales;f__Oscillospiraceae;g__Hominicoprocola;s__Hominicoprocola sp900317525
10000,0.00021454623471358077,0.005813953488372093,0.00021454623471358077,0.00031819266565905654,8.0,8.0,0.0,/group/ctbrowngrp5/sourmash-db.new/gtdb-rs226/gtdb-rs226-k51.dna.rocksdb,GCA_958348405.1 uncultured Firmicutes bacterium,348ca1109c846ea5c2a87804d813867e,0.005813953488372093,10000,307,22880000,outputs.mapping/bams.cds.rand/SRR14369219.x.s__Prevotella sp000434975.fastq.gz,SRR14369219.x.s__Prevotella sp000434975,07a94e46,46610000,51,DNA,10000,4661,True,0.8473621035226538,0.903995167535116,0.8756786355288849,0.903995167535116,True,8,21162,25142,d__Bacteria;p__Bacillota;c__Clostridia;o__Christensenellales;f__CAG-917;g__CAG-475;s__CAG-475 sp000434435
30000,0.0006436387041407423,0.00303951367781155,0.00021454623471358077,3.977408320738207e-05,1.0,1.0,0.0,/group/ctbrowngrp5/sourmash-db.new/gtdb-rs226/gtdb-rs226-k51.dna.rocksdb,GCA_022727475.1 Prevotella sp.,6c3ec7c214f0277cf989bea3b1556408,0.00911854103343465,10000,308,22870000,outputs.mapping/bams.cds.rand/SRR14369219.x.s__Prevotella sp000434975.fastq.gz,SRR14369219.x.s__Prevotella sp000434975,07a94e46,46610000,51,DNA,10000,4661,True,0.8658135054815657,0.9120077658418313,0.8889106356616985,0.9120077658418313,True,1,21163,25142,d__Bacteria;p__Bacteroidota;c__Bacteroidia;o__Bacteroidales;f__Bacteroidaceae;g__Prevotella;s__Prevotella sp003447235
20000,0.00042909246942716153,0.002544529262086514,0.00021454623471358077,7.954816641476414e-05,2.0,2.0,0.0,/group/ctbrowngrp5/sourmash-db.new/gtdb-rs226/gtdb-rs226-k51.dna.rocksdb,GCA_041335415.1 Blautia faecis,93a336a0f08178046cbad9469745726f,0.005089058524173028,10000,309,22860000,outputs.mapping/bams.cds.rand/SRR14369219.x.s__Prevotella sp000434975.fastq.gz,SRR14369219.x.s__Prevotella sp000434975,07a94e46,46610000,51,DNA,10000,4661,True,0.8589573220844791,0.9016377919354555,0.8802975570099673,0.9016377919354555,True,2,21165,25142,d__Bacteria;p__Bacillota;c__Clostridia;o__Lachnospirales;f__Lachnospiraceae;g__Blautia_A;s__Blautia_A faecis
10000,0.00021454623471358077,0.003367003367003367,0.00021454623471358077,0.00015909633282952827,4.0,4.0,0.0,/group/ctbrowngrp5/sourmash-db.new/gtdb-rs226/gtdb-rs226-k51.dna.rocksdb,GCF_002300465.1 Fibrobacter sp. NR9,a7efd02fa2fb0aab3a7ce7e3dd215aa3,0.003367003367003367,10000,310,22850000,outputs.mapping/bams.cds.rand/SRR14369219.x.s__Prevotella sp000434975.fastq.gz,SRR14369219.x.s__Prevotella sp000434975,07a94e46,46610000,51,DNA,10000,4661,True,0.8473621035226538,0.8943645555749845,0.8708633295488192,0.8943645555749845,True,4,21169,25142,d__Bacteria;p__Fibrobacterota;c__Fibrobacteria;o__Fibrobacterales;f__Fibrobacteraceae;g__Hallerella;s__Hallerella intestinalis
20000,0.00042909246942716153,0.006097560975609756,0.00021454623471358077,0.0013523188290509903,34.0,34.0,0.0,/group/ctbrowngrp5/sourmash-db.new/gtdb-rs226/gtdb-rs226-k51.dna.rocksdb,GCA_004558825.1 Clostridiales bacterium,12a92cec39cf7125a02fc53e50ee926b,0.012195121951219513,10000,311,22840000,outputs.mapping/bams.cds.rand/SRR14369219.x.s__Prevotella sp000434975.fastq.gz,SRR14369219.x.s__Prevotella sp000434975,07a94e46,46610000,51,DNA,10000,4661,True,0.8589573220844791,0.9172215253297448,0.888089423707112,0.9172215253297448,True,34,21203,25142,d__Bacteria;p__Bacillota;c__Clostridia;o__Christensenellales;f__CAG-138;g__SFDB01;s__SFDB01 sp004558825
10000,0.00021454623471358077,0.003484320557491289,0.00021454623471358077,3.977408320738207e-05,1.0,1.0,0.0,/group/ctbrowngrp5/sourmash-db.new/gtdb-rs226/gtdb-rs226-k51.dna.rocksdb,GCA_934476005.1 uncultured Eubacteriales bacterium,cf47434b8dc2da539a38279fef0768a7,0.003484320557491289,10000,312,22830000,outputs.mapping/bams.cds.rand/SRR14369219.x.s__Prevotella sp000434975.fastq.gz,SRR14369219.x.s__Prevotella sp000434975,07a94e46,46610000,51,DNA,10000,4661,True,0.8473621035226538,0.8949653831278861,0.8711637433252699,0.8949653831278861,True,1,21204,25142,d__Bacteria;p__Bacillota;c__Clostridia;o__Oscillospirales;f__CAG-272;g__UMGS1696;s__UMGS1696 sp900554225
120000,0.0025745548165629693,0.00398406374501992,0.00021454623471358077,3.977408320738207e-05,1.0,1.0,0.0,/group/ctbrowngrp5/sourmash-db.new/gtdb-rs226/gtdb-rs226-k51.dna.rocksdb,GCF_022733235.1 Leyella stercorea,903a89e679e0a5de59d96f811bf0dec3,0.04780876494023904,10000,313,22820000,outputs.mapping/bams.cds.rand/SRR14369219.x.s__Prevotella sp000434975.fastq.gz,SRR14369219.x.s__Prevotella sp000434975,07a94e46,46610000,51,DNA,10000,4661,True,0.8896710397196028,0.942123833768197,0.9158974367438999,0.942123833768197,False,1,21205,25142,d__Bacteria;p__Bacteroidota;c__Bacteroidia;o__Bacteroidales;f__Bacteroidaceae;g__Prevotella;s__Prevotella stercorea
30000,0.0006436387041407423,0.0021598272138228943,0.00021454623471358077,0.0004375149152812028,11.0,11.0,0.0,/group/ctbrowngrp5/sourmash-db.new/gtdb-rs226/gtdb-rs226-k51.dna.rocksdb,GCF_023668665.1 Phocaeicola vulgatus,04f800fa85bdd7edb5ff34ee5b0542bd,0.0064794816414686825,10000,314,22810000,outputs.mapping/bams.cds.rand/SRR14369219.x.s__Prevotella sp000434975.fastq.gz,SRR14369219.x.s__Prevotella sp000434975,07a94e46,46610000,51,DNA,10000,4661,True,0.8658135054815657,0.90591828345323,0.8858658944673978,0.90591828345323,True,11,21216,25142,d__Bacteria;p__Bacteroidota;c__Bacteroidia;o__Bacteroidales;f__Bacteroidaceae;g__Phocaeicola;s__Phocaeicola vulgatus
60000,0.0012872774082814847,0.0022271714922048997,0.00021454623471358077,0.00011932224962214622,3.0,3.0,0.0,/group/ctbrowngrp5/sourmash-db.new/gtdb-rs226/gtdb-rs226-k51.dna.rocksdb,GCA_021639305.1 Bacteroides uniformis,ac41e11e6234b36a5a2751bd07ebccd5,0.013363028953229399,10000,315,22800000,outputs.mapping/bams.cds.rand/SRR14369219.x.s__Prevotella sp000434975.fastq.gz,SRR14369219.x.s__Prevotella sp000434975,07a94e46,46610000,51,DNA,10000,4661,True,0.8776612111886104,0.9188678099063506,0.8982645105474805,0.9188678099063506,True,3,21219,25142,d__Bacteria;p__Bacteroidota;c__Bacteroidia;o__Bacteroidales;f__Bacteroidaceae;g__Bacteroides;s__Bacteroides uniformis
10000,0.00021454623471358077,0.004901960784313725,0.00021454623471358077,7.954816641476414e-05,2.0,2.0,0.0,/group/ctbrowngrp5/sourmash-db.new/gtdb-rs226/gtdb-rs226-k51.dna.rocksdb,GCA_900539595.1 uncultured Mollicutes bacterium,4e45b4ed0a702cd798cfbb0490b65ace,0.004901960784313725,10000,316,22790000,outputs.mapping/bams.cds.rand/SRR14369219.x.s__Prevotella sp000434975.fastq.gz,SRR14369219.x.s__Prevotella sp000434975,07a94e46,46610000,51,DNA,10000,4661,True,0.8473621035226538,0.9009758163577729,0.8741689599402134,0.9009758163577729,True,2,21221,25142,d__Bacteria;p__Bacillota;c__Bacilli;o__RFN20;f__CAG-826;g__Alloenteromonas;s__Alloenteromonas sp900539595
70000,0.0015018236429950654,0.003205128205128205,0.00021454623471358077,7.954816641476414e-05,2.0,2.0,0.0,/group/ctbrowngrp5/sourmash-db.new/gtdb-rs226/gtdb-rs226-k51.dna.rocksdb,GCA_905205205.1 uncultured Prevotella sp.,e6fbc522d1f31eb4452eea6d33576b5f,0.022435897435897436,10000,317,22780000,outputs.mapping/bams.cds.rand/SRR14369219.x.s__Prevotella sp000434975.fastq.gz,SRR14369219.x.s__Prevotella sp000434975,07a94e46,46610000,51,DNA,10000,4661,True,0.8803180100686623,0.9282512821401582,0.9042846461044103,0.9282512821401582,False,2,21223,25142,d__Bacteria;p__Bacteroidota;c__Bacteroidia;o__Bacteroidales;f__Bacteroidaceae;g__Prevotella;s__Prevotella lascolaii
10000,0.00021454623471358077,0.002932551319648094,0.00021454623471358077,0.00023864449924429243,6.0,6.0,0.0,/group/ctbrowngrp5/sourmash-db.new/gtdb-rs226/gtdb-rs226-k51.dna.rocksdb,GCA_037370445.1 bacterium,295c6ee4430dbef4adcf97fa685811c6,0.002932551319648094,10000,318,22770000,outputs.mapping/bams.cds.rand/SRR14369219.x.s__Prevotella sp000434975.fastq.gz,SRR14369219.x.s__Prevotella sp000434975,07a94e46,46610000,51,DNA,10000,4661,True,0.8473621035226538,0.8919451522429638,0.8696536278828089,0.8919451522429638,True,6,21229,25142,d__Bacteria;p__Bacillota;c__Clostridia;o__Oscillospirales;f__Oscillospiraceae;g__Vescimonas;s__Vescimonas sp900545585
40000,0.0008581849388543231,0.0033444816053511705,0.00021454623471358077,3.977408320738207e-05,1.0,1.0,0.0,/group/ctbrowngrp5/sourmash-db.new/gtdb-rs226/gtdb-rs226-k51.dna.rocksdb,GCA_004102785.1 Muribaculaceae bacterium Isolate-013 (NCI),ff1ee086463906cd3f2c63acc2f22bb1,0.013377926421404682,10000,319,22760000,outputs.mapping/bams.cds.rand/SRR14369219.x.s__Prevotella sp000434975.fastq.gz,SRR14369219.x.s__Prevotella sp000434975,07a94e46,46610000,51,DNA,10000,4661,True,0.8707112084613239,0.9188878847972213,0.8947995466292726,0.9188878847972213,True,1,21230,25142,d__Bacteria;p__Bacteroidota;c__Bacteroidia;o__Bacteroidales;f__Muribaculaceae;g__UBA7173;s__UBA7173 sp002491305
10000,0.00021454623471358077,0.004273504273504274,0.00021454623471358077,7.954816641476414e-05,2.0,2.0,0.0,/group/ctbrowngrp5/sourmash-db.new/gtdb-rs226/gtdb-rs226-k51.dna.rocksdb,GCA_900315665.1 uncultured Eubacteriales bacterium,49606a4357271b490a5315195445e4d7,0.004273504273504274,10000,320,22750000,outputs.mapping/bams.cds.rand/SRR14369219.x.s__Prevotella sp000434975.fastq.gz,SRR14369219.x.s__Prevotella sp000434975,07a94e46,46610000,51,DNA,10000,4661,True,0.8473621035226538,0.8985552523193859,0.8729586779210199,0.8985552523193859,True,2,21232,25142,d__Bacteria;p__Bacillota;c__Clostridia;o__Lachnospirales;f__Lachnospiraceae;g__Oribacterium;s__Oribacterium sp900315665
20000,0.00042909246942716153,0.002631578947368421,0.00021454623471358077,0.00019887041603691035,5.0,5.0,0.0,/group/ctbrowngrp5/sourmash-db.new/gtdb-rs226/gtdb-rs226-k51.dna.rocksdb,GCA_024399065.1 Fibrobacter sp.,8845ef7af15774a9c9b0e0f93c609b09,0.005263157894736842,10000,321,22740000,outputs.mapping/bams.cds.rand/SRR14369219.x.s__Prevotella sp000434975.fastq.gz,SRR14369219.x.s__Prevotella sp000434975,07a94e46,46610000,51,DNA,10000,4661,True,0.8589573220844791,0.9022326864532024,0.8805950042688407,0.9022326864532024,True,5,21237,25142,d__Bacteria;p__Fibrobacterota;c__Fibrobacteria;o__Fibrobacterales;f__Fibrobacteraceae;g__Fibrobacter;s__Fibrobacter sp024399065
20000,0.00042909246942716153,0.0045045045045045045,0.00021454623471358077,3.977408320738207e-05,1.0,1.0,0.0,/group/ctbrowngrp5/sourmash-db.new/gtdb-rs226/gtdb-rs226-k51.dna.rocksdb,GCA_945995695.1 uncultured Bacteroidales bacterium,2373b7c6d9acae4e0ebc1d38f160eef9,0.009009009009009009,10000,322,22730000,outputs.mapping/bams.cds.rand/SRR14369219.x.s__Prevotella sp000434975.fastq.gz,SRR14369219.x.s__Prevotella sp000434975,07a94e46,46610000,51,DNA,10000,4661,True,0.8589573220844791,0.9117916860315043,0.8853745040579917,0.9117916860315043,True,1,21238,25142,d__Bacteria;p__Bacteroidota;c__Bacteroidia;o__Bacteroidales;f__Bacteroidaceae;g__Alloprevotella;s__Alloprevotella sp004557185
10000,0.00021454623471358077,0.005208333333333333,0.00021454623471358077,3.977408320738207e-05,1.0,1.0,0.0,/group/ctbrowngrp5/sourmash-db.new/gtdb-rs226/gtdb-rs226-k51.dna.rocksdb,GCA_945836825.1 uncultured Bacteroidales bacterium,b100052d557dffa033b7d1b42a374b16,0.005208333333333333,10000,323,22720000,outputs.mapping/bams.cds.rand/SRR14369219.x.s__Prevotella sp000434975.fastq.gz,SRR14369219.x.s__Prevotella sp000434975,07a94e46,46610000,51,DNA,10000,4661,True,0.8473621035226538,0.9020474594102066,0.8747047814664302,0.9020474594102066,True,1,21239,25142,d__Bacteria;p__Bacteroidota;c__Bacteroidia;o__Bacteroidales;f__Muribaculaceae;g__Lepagella;s__Lepagella sp905214735
310000,0.006650933276121004,0.002304147465437788,0.00021454623471358077,3.977408320738207e-05,1.0,1.0,0.0,/group/ctbrowngrp5/sourmash-db.new/gtdb-rs226/gtdb-rs226-k51.dna.rocksdb,GCF_032452555.1 Segatella copri,e4d525fec242a06c973a8586e2b92735,0.07142857142857142,10000,324,22710000,outputs.mapping/bams.cds.rand/SRR14369219.x.s__Prevotella sp000434975.fastq.gz,SRR14369219.x.s__Prevotella sp000434975,07a94e46,46610000,51,DNA,10000,4661,True,0.906382315434073,0.9495698160548,0.9279760657444365,0.9495698160548,False,1,21240,25142,d__Bacteria;p__Bacteroidota;c__Bacteroidia;o__Bacteroidales;f__Bacteroidaceae;g__Prevotella;s__Prevotella sp900551275
10000,0.00021454623471358077,0.007692307692307693,0.00021454623471358077,0.00019887041603691035,5.0,5.0,0.0,/group/ctbrowngrp5/sourmash-db.new/gtdb-rs226/gtdb-rs226-k51.dna.rocksdb,GCA_037069245.1 Clostridia bacterium,2aed2e958675fddf5d5447fdeaf50c01,0.007692307692307693,10000,325,22700000,outputs.mapping/bams.cds.rand/SRR14369219.x.s__Prevotella sp000434975.fastq.gz,SRR14369219.x.s__Prevotella sp000434975,07a94e46,46610000,51,DNA,10000,4661,True,0.8473621035226538,0.9089712150027334,0.8781666592626935,0.9089712150027334,True,5,21245,25142,d__Bacteria;p__Bacillota;c__Clostridia;o__TANB77;f__CAG-508;g__CAG-452;s__CAG-452 sp000434035
10000,0.00021454623471358077,0.003703703703703704,0.00021454623471358077,7.954816641476414e-05,2.0,2.0,0.0,/group/ctbrowngrp5/sourmash-db.new/gtdb-rs226/gtdb-rs226-k51.dna.rocksdb,GCA_937990635.1 uncultured Clostridia bacterium,767a91ba2482c24130b1537f258a478a,0.003703703703703704,10000,326,22690000,outputs.mapping/bams.cds.rand/SRR14369219.x.s__Prevotella sp000434975.fastq.gz,SRR14369219.x.s__Prevotella sp000434975,07a94e46,46610000,51,DNA,10000,4661,True,0.8473621035226538,0.8960375310174413,0.8716998172700476,0.8960375310174413,True,2,21247,25142,d__Bacteria;p__Bacillota;c__Clostridia;o__Oscillospirales;f__Ruminococcaceae;g__Negativibacillus;s__Negativibacillus massiliensis
30000,0.0006436387041407423,0.0016207455429497568,0.00021454623471358077,0.00023864449924429243,6.0,6.0,0.0,/group/ctbrowngrp5/sourmash-db.new/gtdb-rs226/gtdb-rs226-k51.dna.rocksdb,GCF_019052435.1 Bacteroides sp. MSK.20.12,8cdf7fb30d65a0282bda74676c407746,0.004862236628849271,10000,327,22680000,outputs.mapping/bams.cds.rand/SRR14369219.x.s__Prevotella sp000434975.fastq.gz,SRR14369219.x.s__Prevotella sp000434975,07a94e46,46610000,51,DNA,10000,4661,True,0.8658135054815657,0.9008320825844144,0.88332279403299,0.9008320825844144,True,6,21253,25142,d__Bacteria;p__Bacteroidota;c__Bacteroidia;o__Bacteroidales;f__Bacteroidaceae;g__Bacteroides;s__Bacteroides xylanisolvens
140000,0.003003647285990131,0.0045045045045045045,0.00021454623471358077,3.977408320738207e-05,1.0,1.0,0.0,/group/ctbrowngrp5/sourmash-db.new/gtdb-rs226/gtdb-rs226-k51.dna.rocksdb,GCA_905208595.1 uncultured Prevotella sp.,86feb52f5353dfa5a7465123ce0def1d,0.06306306306306306,10000,328,22670000,outputs.mapping/bams.cds.rand/SRR14369219.x.s__Prevotella sp000434975.fastq.gz,SRR14369219.x.s__Prevotella sp000434975,07a94e46,46610000,51,DNA,10000,4661,True,0.8923641939707068,0.9472534106818778,0.9198088023262923,0.9472534106818778,False,1,21254,25142,d__Bacteria;p__Bacteroidota;c__Bacteroidia;o__Bacteroidales;f__Bacteroidaceae;g__Prevotella;s__Prevotella sp900553155
10000,0.00021454623471358077,0.005050505050505051,0.00021454623471358077,3.977408320738207e-05,1.0,1.0,0.0,/group/ctbrowngrp5/sourmash-db.new/gtdb-rs226/gtdb-rs226-k51.dna.rocksdb,GCA_017536545.1 bacterium,6a85b91f1b13625c99a4d75f7dabc875,0.005050505050505051,10000,329,22660000,outputs.mapping/bams.cds.rand/SRR14369219.x.s__Prevotella sp000434975.fastq.gz,SRR14369219.x.s__Prevotella sp000434975,07a94e46,46610000,51,DNA,10000,4661,True,0.8473621035226538,0.901503358934848,0.874432731228751,0.901503358934848,True,1,21255,25142,d__Bacteria;p__Cyanobacteriota;c__Vampirovibrionia;o__Gastranaerophilales;f__Gastranaerophilaceae;g__Zag111;s__Zag111 sp017536545
10000,0.00021454623471358077,0.0038461538461538464,0.00021454623471358077,3.977408320738207e-05,1.0,1.0,0.0,/group/ctbrowngrp5/sourmash-db.new/gtdb-rs226/gtdb-rs226-k51.dna.rocksdb,GCA_038211425.1 Candidatus Limnocylindria bacterium,b6d89644025723a1d0150e825f001981,0.0038461538461538464,10000,330,22650000,outputs.mapping/bams.cds.rand/SRR14369219.x.s__Prevotella sp000434975.fastq.gz,SRR14369219.x.s__Prevotella sp000434975,07a94e46,46610000,51,DNA,10000,4661,True,0.8473621035226538,0.896700849952713,0.8720314767376834,0.896700849952713,True,1,21256,25142,d__Bacteria;p__Chloroflexota;c__Limnocylindria;o__P2-11E;f__P2-11E;g__JALYKU01;s__JALYKU01 sp038211425
20000,0.00042909246942716153,0.004366812227074236,0.00021454623471358077,0.0006363853313181131,16.0,16.0,0.0,/group/ctbrowngrp5/sourmash-db.new/gtdb-rs226/gtdb-rs226-k51.dna.rocksdb,GCA_037066775.1 Lachnospiraceae bacterium,7d15a4de2b1640e12513dac9557baf95,0.008733624454148471,10000,331,22640000,outputs.mapping/bams.cds.rand/SRR14369219.x.s__Prevotella sp000434975.fastq.gz,SRR14369219.x.s__Prevotella sp000434975,07a94e46,46610000,51,DNA,10000,4661,True,0.8589573220844791,0.9112368308464617,0.8850970764654704,0.9112368308464617,True,16,21272,25142,d__Bacteria;p__Bacillota;c__Clostridia;o__Lachnospirales;f__Lachnospiraceae;g__Roseburia_D;s__Roseburia_D yibonii
20000,0.00042909246942716153,0.004081632653061225,0.00021454623471358077,3.977408320738207e-05,1.0,1.0,0.0,/group/ctbrowngrp5/sourmash-db.new/gtdb-rs226/gtdb-rs226-k51.dna.rocksdb,GCA_934246805.1 uncultured Bacteroidaceae bacterium,17ab1f889097b19b0b8b7f2f0b83cc2e,0.00816326530612245,10000,332,22630000,outputs.mapping/bams.cds.rand/SRR14369219.x.s__Prevotella sp000434975.fastq.gz,SRR14369219.x.s__Prevotella sp000434975,07a94e46,46610000,51,DNA,10000,4661,True,0.8589573220844791,0.9100309337997604,0.8844941279421197,0.9100309337997604,True,1,21273,25142,d__Bacteria;p__Bacteroidota;c__Bacteroidia;o__Bacteroidales;f__Bacteroidaceae;g__Minthosoma;s__Minthosoma sp934293005
10000,0.00021454623471358077,0.003194888178913738,0.00021454623471358077,3.977408320738207e-05,1.0,1.0,0.0,/group/ctbrowngrp5/sourmash-db.new/gtdb-rs226/gtdb-rs226-k51.dna.rocksdb,GCF_009696445.1 Porcincola intestinalis,20cfded4b6f51389851ca831c5c4e9c1,0.003194888178913738,10000,333,22620000,outputs.mapping/bams.cds.rand/SRR14369219.x.s__Prevotella sp000434975.fastq.gz,SRR14369219.x.s__Prevotella sp000434975,07a94e46,46610000,51,DNA,10000,4661,True,0.8473621035226538,0.8934448670217007,0.8704034852721773,0.8934448670217007,True,1,21274,25142,d__Bacteria;p__Bacillota;c__Clostridia;o__Lachnospirales;f__Lachnospiraceae;g__Porcincola;s__Porcincola intestinalis
20000,0.00042909246942716153,0.0019880715705765406,0.00021454623471358077,3.977408320738207e-05,1.0,1.0,0.0,/group/ctbrowngrp5/sourmash-db.new/gtdb-rs226/gtdb-rs226-k51.dna.rocksdb,GCA_009911305.1 Clostridiaceae bacterium,6bab8dc76e8f519f4124841987c51bcd,0.003976143141153081,10000,334,22610000,outputs.mapping/bams.cds.rand/SRR14369219.x.s__Prevotella sp000434975.fastq.gz,SRR14369219.x.s__Prevotella sp000434975,07a94e46,46610000,51,DNA,10000,4661,True,0.8589573220844791,0.8972854545162023,0.8781213883003407,0.8972854545162023,True,1,21275,25142,d__Bacteria;p__Bacillota;c__Clostridia;o__Lachnospirales;f__Lachnospiraceae;g__Otoolea;s__Otoolea sp009911305
10000,0.00021454623471358077,0.0058823529411764705,0.00021454623471358077,7.954816641476414e-05,2.0,2.0,0.0,/group/ctbrowngrp5/sourmash-db.new/gtdb-rs226/gtdb-rs226-k51.dna.rocksdb,GCA_963598545.1 Gemmiger formicilis,8df66bc491edc8aac21968d6c6a7f1c7,0.0058823529411764705,10000,335,22600000,outputs.mapping/bams.cds.rand/SRR14369219.x.s__Prevotella sp000434975.fastq.gz,SRR14369219.x.s__Prevotella sp000434975,07a94e46,46610000,51,DNA,10000,4661,True,0.8473621035226538,0.9042025082392618,0.8757823058809578,0.9042025082392618,True,2,21277,25142,d__Bacteria;p__Bacillota;c__Clostridia;o__Oscillospirales;f__Acutalibacteraceae;g__Eubacterium_R;s__Eubacterium_R sp900542875
10000,0.00021454623471358077,0.009433962264150943,0.00021454623471358077,7.954816641476414e-05,2.0,2.0,0.0,/group/ctbrowngrp5/sourmash-db.new/gtdb-rs226/gtdb-rs226-k51.dna.rocksdb,GCA_022009875.1 Clostridium sp.,b6cdbadae011a586af03cd81b1e23e09,0.009433962264150943,10000,336,22590000,outputs.mapping/bams.cds.rand/SRR14369219.x.s__Prevotella sp000434975.fastq.gz,SRR14369219.x.s__Prevotella sp000434975,07a94e46,46610000,51,DNA,10000,4661,True,0.8473621035226538,0.9126160876839744,0.8799890956033141,0.9126160876839744,True,2,21279,25142,d__Bacteria;p__Bacillota;c__Bacilli;o__RF39;f__UBA660;g__CAG-533;s__CAG-533 sp000434495
10000,0.00021454623471358077,0.002967359050445104,0.00021454623471358077,7.954816641476414e-05,2.0,2.0,0.0,/group/ctbrowngrp5/sourmash-db.new/gtdb-rs226/gtdb-rs226-k51.dna.rocksdb,GCF_041333375.1 Clostridium sp.,0ec689644d2c5bdd1d804113ae21e87d,0.002967359050445104,10000,337,22580000,outputs.mapping/bams.cds.rand/SRR14369219.x.s__Prevotella sp000434975.fastq.gz,SRR14369219.x.s__Prevotella sp000434975,07a94e46,46610000,51,DNA,10000,4661,True,0.8473621035226538,0.8921515398170204,0.8697568216698371,0.8921515398170204,True,2,21281,25142,d__Bacteria;p__Bacillota;c__Clostridia;o__Clostridiales;f__Clostridiaceae;g__Clostridium;s__Clostridium sp900547475
320000,0.0068654795108345846,0.003484320557491289,0.00021454623471358077,7.954816641476414e-05,2.0,2.0,0.0,/group/ctbrowngrp5/sourmash-db.new/gtdb-rs226/gtdb-rs226-k51.dna.rocksdb,GCA_037457155.1 Prevotella sp.,b53f8ca795c5ec8bb60c0c4d70f7c860,0.11149825783972125,10000,338,22570000,outputs.mapping/bams.cds.rand/SRR14369219.x.s__Prevotella sp000434975.fastq.gz,SRR14369219.x.s__Prevotella sp000434975,07a94e46,46610000,51,DNA,10000,4661,True,0.906946735386233,0.9578973724894998,0.9324220539378665,0.9578973724894998,False,2,21283,25142,d__Bacteria;p__Bacteroidota;c__Bacteroidia;o__Bacteroidales;f__Bacteroidaceae;g__Prevotella;s__Prevotella sp900543975
30000,0.0006436387041407423,0.002512562814070352,0.00021454623471358077,3.977408320738207e-05,1.0,1.0,0.0,/group/ctbrowngrp5/sourmash-db.new/gtdb-rs226/gtdb-rs226-k51.dna.rocksdb,GCA_937997815.1 uncultured Clostridia bacterium,132944158f355567d7c2f850d80f293a,0.007537688442211055,10000,339,22560000,outputs.mapping/bams.cds.rand/SRR14369219.x.s__Prevotella sp000434975.fastq.gz,SRR14369219.x.s__Prevotella sp000434975,07a94e46,46610000,51,DNA,10000,4661,True,0.8658135054815657,0.9086093869889635,0.8872114462352646,0.9086093869889635,True,1,21284,25142,d__Bacteria;p__Bacillota;c__Clostridia;o__Christensenellales;f__Aristaeellaceae;g__RUG563;s__RUG563 sp934632155
10000,0.00021454623471358077,0.005076142131979695,0.00021454623471358077,3.977408320738207e-05,1.0,1.0,0.0,/group/ctbrowngrp5/sourmash-db.new/gtdb-rs226/gtdb-rs226-k51.dna.rocksdb,GCA_900759595.1 uncultured Oscillospiraceae bacterium,83ec568bb26178977805e634fc35cc69,0.005076142131979695,10000,340,22550000,outputs.mapping/bams.cds.rand/SRR14369219.x.s__Prevotella sp000434975.fastq.gz,SRR14369219.x.s__Prevotella sp000434975,07a94e46,46610000,51,DNA,10000,4661,True,0.8473621035226538,0.9015928650194664,0.8744774842710601,0.9015928650194664,True,1,21285,25142,d__Bacteria;p__Bacillota;c__Clostridia;o__Oscillospirales;f__Oscillospiraceae;g__CAG-170;s__CAG-170 sp003516765
20000,0.00042909246942716153,0.0026666666666666666,0.00021454623471358077,3.977408320738207e-05,1.0,1.0,0.0,/group/ctbrowngrp5/sourmash-db.new/gtdb-rs226/gtdb-rs226-k51.dna.rocksdb,GCA_963636365.1 Clostridiales bacterium UBA7273,d179958efc3dbfb069f007ac67df8ef0,0.005333333333333333,10000,341,22540000,outputs.mapping/bams.cds.rand/SRR14369219.x.s__Prevotella sp000434975.fastq.gz,SRR14369219.x.s__Prevotella sp000434975,07a94e46,46610000,51,DNA,10000,4661,True,0.8589573220844791,0.9024670360307087,0.8807121790575938,0.9024670360307087,True,1,21286,25142,d__Bacteria;p__Bacteroidota;c__Bacteroidia;o__Bacteroidales;f__Bacteroidaceae;g__Phocaeicola;s__Phocaeicola plebeius_A
30000,0.0006436387041407423,0.0035460992907801418,0.00021454623471358077,3.977408320738207e-05,1.0,1.0,0.0,/group/ctbrowngrp5/sourmash-db.new/gtdb-rs226/gtdb-rs226-k51.dna.rocksdb,GCA_963656025.1 uncultured Eubacteriales bacterium,52a5d5d77f21c29a52347102bdcaa344,0.010638297872340425,10000,342,22530000,outputs.mapping/bams.cds.rand/SRR14369219.x.s__Prevotella sp000434975.fastq.gz,SRR14369219.x.s__Prevotella sp000434975,07a94e46,46610000,51,DNA,10000,4661,True,0.8658135054815657,0.9147685363760626,0.8902910209288142,0.9147685363760626,True,1,21287,25142,d__Bacteria;p__Bacteroidota;c__Bacteroidia;o__Bacteroidales;f__Paludibacteraceae;g__Colicola;s__Colicola sp963635385
30000,0.0006436387041407423,0.0016863406408094434,0.00021454623471358077,0.00011932224962214622,3.0,3.0,0.0,/group/ctbrowngrp5/sourmash-db.new/gtdb-rs226/gtdb-rs226-k51.dna.rocksdb,GCA_034125845.1 Bacteroides thetaiotaomicron,26bf7a2ab1c2e29fca7fa841a25181b7,0.00505902192242833,10000,343,22520000,outputs.mapping/bams.cds.rand/SRR14369219.x.s__Prevotella sp000434975.fastq.gz,SRR14369219.x.s__Prevotella sp000434975,07a94e46,46610000,51,DNA,10000,4661,True,0.8658135054815657,0.9015331429830882,0.8836733242323269,0.9015331429830882,True,3,21290,25142,d__Bacteria;p__Bacteroidota;c__Bacteroidia;o__Bacteroidales;f__Bacteroidaceae;g__Bacteroides;s__Bacteroides thetaiotaomicron
10000,0.00021454623471358077,0.0011862396204033216,0.00021454623471358077,3.977408320738207e-05,1.0,1.0,0.0,/group/ctbrowngrp5/sourmash-db.new/gtdb-rs226/gtdb-rs226-k51.dna.rocksdb,GCF_041028215.1 Streptomyces flavofungini,c91867cf87829569a5385d1ad9a9a70b,0.0011862396204033216,10000,344,22510000,outputs.mapping/bams.cds.rand/SRR14369219.x.s__Prevotella sp000434975.fastq.gz,SRR14369219.x.s__Prevotella sp000434975,07a94e46,46610000,51,DNA,10000,4661,True,0.8473621035226538,0.8762556512173197,0.8618088773699868,0.8762556512173197,True,1,21291,25142,d__Bacteria;p__Actinomycetota;c__Actinomycetes;o__Streptomycetales;f__Streptomycetaceae;g__Streptomyces;s__Streptomyces flavofungini_B
10000,0.00021454623471358077,0.004901960784313725,0.00021454623471358077,3.977408320738207e-05,1.0,1.0,0.0,/group/ctbrowngrp5/sourmash-db.new/gtdb-rs226/gtdb-rs226-k51.dna.rocksdb,GCA_945879155.1 uncultured Erysipelotrichaceae bacterium,23812d44742126b342c9fe1d7155401c,0.004901960784313725,10000,345,22500000,outputs.mapping/bams.cds.rand/SRR14369219.x.s__Prevotella sp000434975.fastq.gz,SRR14369219.x.s__Prevotella sp000434975,07a94e46,46610000,51,DNA,10000,4661,True,0.8473621035226538,0.9009758163577729,0.8741689599402134,0.9009758163577729,True,1,21292,25142,d__Bacteria;p__Bacillota;c__Bacilli;o__Erysipelotrichales;f__Erysipelotrichaceae;g__Bulleidia;s__Bulleidia sp016293365
10000,0.00021454623471358077,0.004347826086956522,0.00021454623471358077,3.977408320738207e-05,1.0,1.0,0.0,/group/ctbrowngrp5/sourmash-db.new/gtdb-rs226/gtdb-rs226-k51.dna.rocksdb,GCA_958428385.1 uncultured Eubacteriales bacterium,468ee4e431b4631e2e25d3d492e90a4b,0.004347826086956522,10000,346,22490000,outputs.mapping/bams.cds.rand/SRR14369219.x.s__Prevotella sp000434975.fastq.gz,SRR14369219.x.s__Prevotella sp000434975,07a94e46,46610000,51,DNA,10000,4661,True,0.8473621035226538,0.8988590824149439,0.8731105929687989,0.8988590824149439,True,1,21293,25142,d__Bacteria;p__Bacillota;c__Clostridia;o__Oscillospirales;f__Oscillospiraceae;g__Faecousia;s__Faecousia sp900544705
60000,0.0012872774082814847,0.004149377593360996,0.00021454623471358077,0.00019887041603691035,5.0,5.0,0.0,/group/ctbrowngrp5/sourmash-db.new/gtdb-rs226/gtdb-rs226-k51.dna.rocksdb,GCA_037423365.1 bacterium,d30955739f452a5b15b046f4da193c65,0.024896265560165973,10000,347,22480000,outputs.mapping/bams.cds.rand/SRR14369219.x.s__Prevotella sp000434975.fastq.gz,SRR14369219.x.s__Prevotella sp000434975,07a94e46,46610000,51,DNA,10000,4661,True,0.8776612111886104,0.9301471316254081,0.9039041714070093,0.9301471316254081,True,5,21298,25142,d__Bacteria;p__Bacteroidota;c__Bacteroidia;o__Bacteroidales;f__Muribaculaceae;g__Limisoma;s__Limisoma sp000437795
40000,0.0008581849388543231,0.004329004329004329,0.00021454623471358077,3.977408320738207e-05,1.0,1.0,0.0,/group/ctbrowngrp5/sourmash-db.new/gtdb-rs226/gtdb-rs226-k51.dna.rocksdb,GCA_004562025.1 bacterium,1b11c5454710562ef12c66f4607fbc93,0.017316017316017316,10000,348,22470000,outputs.mapping/bams.cds.rand/SRR14369219.x.s__Prevotella sp000434975.fastq.gz,SRR14369219.x.s__Prevotella sp000434975,07a94e46,46610000,51,DNA,10000,4661,True,0.8707112084613239,0.9235486225967418,0.8971299155290329,0.9235486225967418,True,1,21299,25142,d__Bacteria;p__Bacteroidota;c__Bacteroidia;o__Bacteroidales;f__Bacteroidaceae;g__Prevotella;s__Prevotella sp004556065
10000,0.00021454623471358077,0.006060606060606061,0.00021454623471358077,3.977408320738207e-05,1.0,1.0,0.0,/group/ctbrowngrp5/sourmash-db.new/gtdb-rs226/gtdb-rs226-k51.dna.rocksdb,GCA_945913945.1 uncultured Clostridia bacterium,401c83272f10e68f06606356c1c446a1,0.006060606060606061,10000,349,22460000,outputs.mapping/bams.cds.rand/SRR14369219.x.s__Prevotella sp000434975.fastq.gz,SRR14369219.x.s__Prevotella sp000434975,07a94e46,46610000,51,DNA,10000,4661,True,0.8473621035226538,0.9047319401204887,0.8760470218215712,0.9047319401204887,True,1,21300,25142,d__Bacteria;p__Bacillota;c__Clostridia;o__Oscillospirales;f__CAG-272;g__Firm-07;s__Firm-07 sp905187695
120000,0.0025745548165629693,0.003816793893129771,0.00021454623471358077,3.977408320738207e-05,1.0,1.0,0.0,/group/ctbrowngrp5/sourmash-db.new/gtdb-rs226/gtdb-rs226-k51.dna.rocksdb,GCA_021637735.1 Prevotella sp.,4c8f5586d4ac5135b5fe048fcbeb1af6,0.04580152671755725,10000,350,22450000,outputs.mapping/bams.cds.rand/SRR14369219.x.s__Prevotella sp000434975.fastq.gz,SRR14369219.x.s__Prevotella sp000434975,07a94e46,46610000,51,DNA,10000,4661,True,0.8896710397196028,0.9413318302821234,0.9155014350008631,0.9413318302821234,False,1,21301,25142,d__Bacteria;p__Bacteroidota;c__Bacteroidia;o__Bacteroidales;f__Bacteroidaceae;g__Prevotella;s__Prevotella sp002251385
10000,0.00021454623471358077,0.004464285714285714,0.00021454623471358077,0.0002784185824516745,7.0,7.0,0.0,/group/ctbrowngrp5/sourmash-db.new/gtdb-rs226/gtdb-rs226-k51.dna.rocksdb,GCA_958448745.1 uncultured Succinivibrio sp.,fe5df15b84a952c52bd7c38dd3f5abc2,0.004464285714285714,10000,351,22440000,outputs.mapping/bams.cds.rand/SRR14369219.x.s__Prevotella sp000434975.fastq.gz,SRR14369219.x.s__Prevotella sp000434975,07a94e46,46610000,51,DNA,10000,4661,True,0.8473621035226538,0.8993250810736236,0.8733435922981387,0.8993250810736236,True,7,21308,25142,d__Bacteria;p__Pseudomonadota;c__Gammaproteobacteria;o__Enterobacterales;f__Succinivibrionaceae;g__Succinivibrio;s__Succinivibrio sp000431835
30000,0.0006436387041407423,0.0045662100456621,0.00021454623471358077,0.000517063081695967,13.0,13.0,0.0,/group/ctbrowngrp5/sourmash-db.new/gtdb-rs226/gtdb-rs226-k51.dna.rocksdb,GCA_034170485.1 Sodaliphilus sp.,9e95baeb894c55e0bef9ad2966dd57b9,0.0136986301369863,10000,352,22430000,outputs.mapping/bams.cds.rand/SRR14369219.x.s__Prevotella sp000434975.fastq.gz,SRR14369219.x.s__Prevotella sp000434975,07a94e46,46610000,51,DNA,10000,4661,True,0.8658135054815657,0.9193148122519929,0.8925641588667792,0.9193148122519929,True,13,21321,25142,d__Bacteria;p__Bacteroidota;c__Bacteroidia;o__Bacteroidales;f__Muribaculaceae;g__Sodaliphilus;s__Sodaliphilus sp004557565
20000,0.00042909246942716153,0.003937007874015748,0.00021454623471358077,3.977408320738207e-05,1.0,1.0,0.0,/group/ctbrowngrp5/sourmash-db.new/gtdb-rs226/gtdb-rs226-k51.dna.rocksdb,GCF_000614065.1 Prevotella dentasini JCM 15908,2c9fe93c0fcacac67fab0952a7317417,0.007874015748031496,10000,353,22420000,outputs.mapping/bams.cds.rand/SRR14369219.x.s__Prevotella sp000434975.fastq.gz,SRR14369219.x.s__Prevotella sp000434975,07a94e46,46610000,51,DNA,10000,4661,True,0.8589573220844791,0.9093874295165494,0.8841723758005142,0.9093874295165494,True,1,21322,25142,d__Bacteria;p__Bacteroidota;c__Bacteroidia;o__Bacteroidales;f__Bacteroidaceae;g__Prevotella;s__Prevotella dentasini
20000,0.00042909246942716153,0.0037593984962406013,0.00021454623471358077,0.00023864449924429243,6.0,6.0,0.0,/group/ctbrowngrp5/sourmash-db.new/gtdb-rs226/gtdb-rs226-k51.dna.rocksdb,GCA_022774945.1 Lachnobacterium sp.,af426f33d2866d663b77828fd6516469,0.007518796992481203,10000,354,22410000,outputs.mapping/bams.cds.rand/SRR14369219.x.s__Prevotella sp000434975.fastq.gz,SRR14369219.x.s__Prevotella sp000434975,07a94e46,46610000,51,DNA,10000,4661,True,0.8589573220844791,0.9085646807370644,0.8837610014107717,0.9085646807370644,True,6,21328,25142,d__Bacteria;p__Bacillota;c__Clostridia;o__Lachnospirales;f__Lachnospiraceae;g__Agathobacter;s__Agathobacter sp905209075
10000,0.00021454623471358077,0.00819672131147541,0.00021454623471358077,3.977408320738207e-05,1.0,1.0,0.0,/group/ctbrowngrp5/sourmash-db.new/gtdb-rs226/gtdb-rs226-k51.dna.rocksdb,GCA_934178565.1 uncultured Bacilli bacterium,57b1933bf96226c16cc2bbf3d9c1b915,0.00819672131147541,10000,355,22400000,outputs.mapping/bams.cds.rand/SRR14369219.x.s__Prevotella sp000434975.fastq.gz,SRR14369219.x.s__Prevotella sp000434975,07a94e46,46610000,51,DNA,10000,4661,True,0.8473621035226538,0.910103917375183,0.8787330104489184,0.910103917375183,True,1,21329,25142,d__Bacteria;p__Bacillota;c__Bacilli;o__RF39;f__UBA660;g__CAG-710;s__CAG-710 sp000432595
300000,0.0064363870414074235,0.0036496350364963502,0.00021454623471358077,3.977408320738207e-05,1.0,1.0,0.0,/group/ctbrowngrp5/sourmash-db.new/gtdb-rs226/gtdb-rs226-k51.dna.rocksdb,GCA_037311705.1 Prevotella sp.,3bc0b2d17eb8c01f144ecfc86a472725,0.10948905109489052,10000,356,22390000,outputs.mapping/bams.cds.rand/SRR14369219.x.s__Prevotella sp000434975.fastq.gz,SRR14369219.x.s__Prevotella sp000434975,07a94e46,46610000,51,DNA,10000,4661,True,0.9057997553656649,0.9575558882694685,0.9316778218175668,0.9575558882694685,False,1,21330,25142,d__Bacteria;p__Bacteroidota;c__Bacteroidia;o__Bacteroidales;f__Bacteroidaceae;g__Prevotella;s__Prevotella sp900543975
10000,0.00021454623471358077,0.003472222222222222,0.00021454623471358077,3.977408320738207e-05,1.0,1.0,0.0,/group/ctbrowngrp5/sourmash-db.new/gtdb-rs226/gtdb-rs226-k51.dna.rocksdb,GCA_905201865.1 uncultured Firmicutes bacterium,d204665a998005c07f5811bfc65b7b83,0.003472222222222222,10000,357,22380000,outputs.mapping/bams.cds.rand/SRR14369219.x.s__Prevotella sp000434975.fastq.gz,SRR14369219.x.s__Prevotella sp000434975,07a94e46,46610000,51,DNA,10000,4661,True,0.8473621035226538,0.8949043474404382,0.871133225481546,0.8949043474404382,True,1,21331,25142,d__Bacteria;p__Bacillota;c__Clostridia;o__Lachnospirales;f__Lachnospiraceae;g__CAG-882;s__CAG-882 sp000435595
130000,0.0027891010512765503,0.0043859649122807015,0.00021454623471358077,0.00019887041603691035,5.0,5.0,0.0,/group/ctbrowngrp5/sourmash-db.new/gtdb-rs226/gtdb-rs226-k51.dna.rocksdb,GCA_028720745.1 Prevotella sp.,40a9e50107fdd16d5b767e48d0417ff8,0.05701754385964912,10000,358,22370000,outputs.mapping/bams.cds.rand/SRR14369219.x.s__Prevotella sp000434975.fastq.gz,SRR14369219.x.s__Prevotella sp000434975,07a94e46,46610000,51,DNA,10000,4661,True,0.8910684434513304,0.9453834819723983,0.9182259627118643,0.9453834819723983,False,5,21336,25142,d__Bacteria;p__Bacteroidota;c__Bacteroidia;o__Bacteroidales;f__Bacteroidaceae;g__Prevotella;s__Prevotella sp905198745
20000,0.00042909246942716153,0.004405286343612335,0.00021454623471358077,0.00011932224962214622,3.0,3.0,0.0,/group/ctbrowngrp5/sourmash-db.new/gtdb-rs226/gtdb-rs226-k51.dna.rocksdb,GCA_022783885.1 Prevotella sp.,4ecb63e54d84704c7de6367cf84fc29b,0.00881057268722467,10000,359,22360000,outputs.mapping/bams.cds.rand/SRR14369219.x.s__Prevotella sp000434975.fastq.gz,SRR14369219.x.s__Prevotella sp000434975,07a94e46,46610000,51,DNA,10000,4661,True,0.8589573220844791,0.9113935768122705,0.8851754494483748,0.9113935768122705,True,3,21339,25142,d__Bacteria;p__Bacteroidota;c__Bacteroidia;o__Bacteroidales;f__Bacteroidaceae;g__Prevotella;s__Prevotella sp002251365
10000,0.00021454623471358077,0.002688172043010753,0.00021454623471358077,0.00015909633282952827,4.0,4.0,0.0,/group/ctbrowngrp5/sourmash-db.new/gtdb-rs226/gtdb-rs226-k51.dna.rocksdb,GCA_963663285.1 Candidatus Limiplasma sp.,90755839b8b6ce4bbdd24ce665edc9a2,0.002688172043010753,10000,360,22350000,outputs.mapping/bams.cds.rand/SRR14369219.x.s__Prevotella sp000434975.fastq.gz,SRR14369219.x.s__Prevotella sp000434975,07a94e46,46610000,51,DNA,10000,4661,True,0.8473621035226538,0.8904246971715558,0.8688934003471048,0.8904246971715558,True,4,21343,25142,d__Bacteria;p__Bacillota;c__Clostridia;o__Christensenellales;f__Aristaeellaceae;g__Limiplasma;s__Limiplasma sp963663285
10000,0.00021454623471358077,0.0037313432835820895,0.00021454623471358077,7.954816641476414e-05,2.0,2.0,0.0,/group/ctbrowngrp5/sourmash-db.new/gtdb-rs226/gtdb-rs226-k51.dna.rocksdb,GCA_944366945.1 uncultured Clostridia bacterium,4db0e608be359ea342a7b4f482754a26,0.0037313432835820895,10000,361,22340000,outputs.mapping/bams.cds.rand/SRR14369219.x.s__Prevotella sp000434975.fastq.gz,SRR14369219.x.s__Prevotella sp000434975,07a94e46,46610000,51,DNA,10000,4661,True,0.8473621035226538,0.8961681683781925,0.8717651359504232,0.8961681683781925,True,2,21345,25142,d__Bacteria;p__Bacillota;c__Clostridia;o__Christensenellales;f__CAG-138;g__UBA1685;s__UBA1685 sp944366945
10000,0.00021454623471358077,0.005649717514124294,0.00021454623471358077,0.0015909633282952828,40.0,40.0,0.0,/group/ctbrowngrp5/sourmash-db.new/gtdb-rs226/gtdb-rs226-k51.dna.rocksdb,GCF_026011995.1 Streptococcus alactolyticus,fc007214371b644c540f55d5bbed66d4,0.005649717514124294,10000,362,22330000,outputs.mapping/bams.cds.rand/SRR14369219.x.s__Prevotella sp000434975.fastq.gz,SRR14369219.x.s__Prevotella sp000434975,07a94e46,46610000,51,DNA,10000,4661,True,0.8473621035226538,0.9034873844621032,0.8754247439923786,0.9034873844621032,True,40,21385,25142,d__Bacteria;p__Bacillota;c__Bacilli;o__Lactobacillales;f__Streptococcaceae;g__Streptococcus;s__Streptococcus faecavium
10000,0.00021454623471358077,0.004366812227074236,0.00021454623471358077,7.954816641476414e-05,2.0,2.0,0.0,/group/ctbrowngrp5/sourmash-db.new/gtdb-rs226/gtdb-rs226-k51.dna.rocksdb,GCA_036843145.1 Muribaculaceae bacterium,69f56092b27f3aee523cd7ca177fbfed,0.004366812227074236,10000,363,22320000,outputs.mapping/bams.cds.rand/SRR14369219.x.s__Prevotella sp000434975.fastq.gz,SRR14369219.x.s__Prevotella sp000434975,07a94e46,46610000,51,DNA,10000,4661,True,0.8473621035226538,0.8989358818428389,0.8731489926827464,0.8989358818428389,True,2,21387,25142,d__Bacteria;p__Bacteroidota;c__Bacteroidia;o__Bacteroidales;f__Muribaculaceae;g__Lepagella;s__Lepagella sp000437495
70000,0.0015018236429950654,0.0034602076124567475,0.00021454623471358077,3.977408320738207e-05,1.0,1.0,0.0,/group/ctbrowngrp5/sourmash-db.new/gtdb-rs226/gtdb-rs226-k51.dna.rocksdb,GCA_028719865.1 Prevotella sp.,44dc22a78ee1f18df42dcb0f5a45eb5d,0.02422145328719723,10000,364,22310000,outputs.mapping/bams.cds.rand/SRR14369219.x.s__Prevotella sp000434975.fastq.gz,SRR14369219.x.s__Prevotella sp000434975,07a94e46,46610000,51,DNA,10000,4661,True,0.8803180100686623,0.9296460983309773,0.9049820541998198,0.9296460983309773,False,1,21388,25142,d__Bacteria;p__Bacteroidota;c__Bacteroidia;o__Bacteroidales;f__Bacteroidaceae;g__Prevotella;s__Prevotella sp900322035
10000,0.00021454623471358077,0.0049504950495049506,0.00021454623471358077,7.954816641476414e-05,2.0,2.0,0.0,/group/ctbrowngrp5/sourmash-db.new/gtdb-rs226/gtdb-rs226-k51.dna.rocksdb,GCA_034102265.1 Candidatus Onthomorpha sp.,6a40e3ccb6490ec36f945e686fd0bdd7,0.0049504950495049506,10000,365,22300000,outputs.mapping/bams.cds.rand/SRR14369219.x.s__Prevotella sp000434975.fastq.gz,SRR14369219.x.s__Prevotella sp000434975,07a94e46,46610000,51,DNA,10000,4661,True,0.8473621035226538,0.9011498857361002,0.8742559946293771,0.9011498857361002,True,2,21390,25142,d__Bacteria;p__Bacteroidota;c__Bacteroidia;o__Bacteroidales;f__P3;g__Onthomorpha;s__Onthomorpha sp004551865
10000,0.00021454623471358077,0.002976190476190476,0.00021454623471358077,0.00015909633282952827,4.0,4.0,0.0,/group/ctbrowngrp5/sourmash-db.new/gtdb-rs226/gtdb-rs226-k51.dna.rocksdb,GCF_039753555.1 Blautia obeum,d81029d5646b416dd8bbd88946322b31,0.002976190476190476,10000,366,22290000,outputs.mapping/bams.cds.rand/SRR14369219.x.s__Prevotella sp000434975.fastq.gz,SRR14369219.x.s__Prevotella sp000434975,07a94e46,46610000,51,DNA,10000,4661,True,0.8473621035226538,0.8922035270086854,0.8697828152656697,0.8922035270086854,True,4,21394,25142,d__Bacteria;p__Bacillota;c__Clostridia;o__Lachnospirales;f__Lachnospiraceae;g__Blautia_A;s__Blautia_A obeum
10000,0.00021454623471358077,0.0038314176245210726,0.00021454623471358077,7.954816641476414e-05,2.0,2.0,0.0,/group/ctbrowngrp5/sourmash-db.new/gtdb-rs226/gtdb-rs226-k51.dna.rocksdb,GCA_948589395.1 uncultured Muribaculaceae bacterium,f0bd91e504fffb2b30d81c977cdad474,0.0038314176245210726,10000,367,22280000,outputs.mapping/bams.cds.rand/SRR14369219.x.s__Prevotella sp000434975.fastq.gz,SRR14369219.x.s__Prevotella sp000434975,07a94e46,46610000,51,DNA,10000,4661,True,0.8473621035226538,0.8966333577089488,0.8719977306158013,0.8966333577089488,True,2,21396,25142,d__Bacteria;p__Bacteroidota;c__Bacteroidia;o__Bacteroidales;f__Muribaculaceae;g__CAG-873;s__CAG-873 sp900555715
50000,0.001072731173567904,0.0018214936247723133,0.00021454623471358077,0.0009943520801845517,25.0,25.0,0.0,/group/ctbrowngrp5/sourmash-db.new/gtdb-rs226/gtdb-rs226-k51.dna.rocksdb,GCA_963586565.1 Clostridiales bacterium,dd4a67b28162b563a102cd2dfe8676d7,0.009107468123861567,10000,368,22270000,outputs.mapping/bams.cds.rand/SRR14369219.x.s__Prevotella sp000434975.fastq.gz,SRR14369219.x.s__Prevotella sp000434975,07a94e46,46610000,51,DNA,10000,4661,True,0.8745292332533195,0.9119860376590969,0.8932576354562083,0.9119860376590969,True,25,21421,25142,d__Bacteria;p__Bacteroidota;c__Bacteroidia;o__Bacteroidales;f__Bacteroidaceae;g__Phocaeicola;s__Phocaeicola dorei
200000,0.004290924694271616,0.004132231404958678,0.00021454623471358077,0.00011932224962214622,3.0,3.0,0.0,/group/ctbrowngrp5/sourmash-db.new/gtdb-rs226/gtdb-rs226-k51.dna.rocksdb,GCA_037314845.1 Prevotella pectinovora,4f8e1fee0716c62eebc023ac2446da98,0.08264462809917356,10000,369,22260000,outputs.mapping/bams.cds.rand/SRR14369219.x.s__Prevotella sp000434975.fastq.gz,SRR14369219.x.s__Prevotella sp000434975,07a94e46,46610000,51,DNA,10000,4661,True,0.8986269298039188,0.952289321309125,0.925458125556522,0.952289321309125,False,3,21424,25142,d__Bacteria;p__Bacteroidota;c__Bacteroidia;o__Bacteroidales;f__Bacteroidaceae;g__Prevotella;s__Prevotella pectinovora
10000,0.00021454623471358077,0.0055248618784530384,0.00021454623471358077,3.977408320738207e-05,1.0,1.0,0.0,/group/ctbrowngrp5/sourmash-db.new/gtdb-rs226/gtdb-rs226-k51.dna.rocksdb,GCA_002481425.1 bacterium UBA7758,892799f9febd0b6be9aa5d4dd13a9478,0.0055248618784530384,10000,370,22250000,outputs.mapping/bams.cds.rand/SRR14369219.x.s__Prevotella sp000434975.fastq.gz,SRR14369219.x.s__Prevotella sp000434975,07a94e46,46610000,51,DNA,10000,4661,True,0.8473621035226538,0.9030915789811151,0.8752268412518844,0.9030915789811151,True,1,21425,25142,d__Bacteria;p__Bacteroidota;c__Bacteroidia;o__Bacteroidales;f__Bacteroidaceae;g__Prevotella;s__Prevotella sp902496445
20000,0.00042909246942716153,0.004524886877828055,0.00021454623471358077,3.977408320738207e-05,1.0,1.0,0.0,/group/ctbrowngrp5/sourmash-db.new/gtdb-rs226/gtdb-rs226-k51.dna.rocksdb,GCF_900102225.1 Eubacterium pyruvativorans,889477e17a70b342594aae7d43a84f0f,0.00904977375565611,10000,371,22240000,outputs.mapping/bams.cds.rand/SRR14369219.x.s__Prevotella sp000434975.fastq.gz,SRR14369219.x.s__Prevotella sp000434975,07a94e46,46610000,51,DNA,10000,4661,True,0.8589573220844791,0.9118724042710765,0.8854148631777778,0.9118724042710765,True,1,21426,25142,d__Bacteria;p__Bacillota;c__Clostridia;o__Peptostreptococcales;f__Anaerovoracaceae;g__Eubacterium_T;s__Eubacterium_T pyruvativorans
10000,0.00021454623471358077,0.004366812227074236,0.00021454623471358077,3.977408320738207e-05,1.0,1.0,0.0,/group/ctbrowngrp5/sourmash-db.new/gtdb-rs226/gtdb-rs226-k51.dna.rocksdb,GCA_022767245.1 Spirochaetia bacterium,91adea7aab8805508e2881d096b9da28,0.004366812227074236,10000,372,22230000,outputs.mapping/bams.cds.rand/SRR14369219.x.s__Prevotella sp000434975.fastq.gz,SRR14369219.x.s__Prevotella sp000434975,07a94e46,46610000,51,DNA,10000,4661,True,0.8473621035226538,0.8989358818428389,0.8731489926827464,0.8989358818428389,True,1,21427,25142,d__Bacteria;p__Spirochaetota;c__Spirochaetia;o__Treponematales;f__Treponemataceae;g__Treponema_D;s__Treponema_D sp018385315
20000,0.00042909246942716153,0.005405405405405406,0.00021454623471358077,7.954816641476414e-05,2.0,2.0,0.0,/group/ctbrowngrp5/sourmash-db.new/gtdb-rs226/gtdb-rs226-k51.dna.rocksdb,GCA_004558595.1 Phascolarctobacterium sp.,82f5ae137c37969242b7840b4f05f8d0,0.010810810810810811,10000,373,22220000,outputs.mapping/bams.cds.rand/SRR14369219.x.s__Prevotella sp000434975.fastq.gz,SRR14369219.x.s__Prevotella sp000434975,07a94e46,46610000,51,DNA,10000,4661,True,0.8589573220844791,0.9150571131134657,0.8870072175989724,0.9150571131134657,True,2,21429,25142,d__Bacteria;p__Bacillota;c__Negativicutes;o__Acidaminococcales;f__Acidaminococcaceae;g__Phascolarctobacterium_A;s__Phascolarctobacterium_A sp004558595
100000,0.002145462347135808,0.003484320557491289,0.00021454623471358077,0.0004375149152812028,11.0,11.0,0.0,/group/ctbrowngrp5/sourmash-db.new/gtdb-rs226/gtdb-rs226-k51.dna.rocksdb,GCA_963597855.1 Clostridium sp. CAG:217,871458f4cd5365e6eda43d0a6371b698,0.03484320557491289,10000,374,22210000,outputs.mapping/bams.cds.rand/SRR14369219.x.s__Prevotella sp000434975.fastq.gz,SRR14369219.x.s__Prevotella sp000434975,07a94e46,46610000,51,DNA,10000,4661,True,0.8864962041104325,0.9362979671321816,0.9113970856213071,0.9362979671321816,False,11,21440,25142,d__Bacteria;p__Bacteroidota;c__Bacteroidia;o__Bacteroidales;f__Bacteroidaceae;g__Prevotella;s__Prevotella sp934254985
10000,0.00021454623471358077,0.003389830508474576,0.00021454623471358077,0.00011932224962214622,3.0,3.0,0.0,/group/ctbrowngrp5/sourmash-db.new/gtdb-rs226/gtdb-rs226-k51.dna.rocksdb,GCA_947589715.1 Mediterranea massiliensis,21dd7cd843d4320adc826d6dfe61a101,0.003389830508474576,10000,375,22200000,outputs.mapping/bams.cds.rand/SRR14369219.x.s__Prevotella sp000434975.fastq.gz,SRR14369219.x.s__Prevotella sp000434975,07a94e46,46610000,51,DNA,10000,4661,True,0.8473621035226538,0.8944830541449889,0.8709225788338213,0.8944830541449889,True,3,21443,25142,d__Bacteria;p__Bacteroidota;c__Bacteroidia;o__Bacteroidales;f__Bacteroidaceae;g__Bacteroides;s__Bacteroides massiliensis_E
10000,0.00021454623471358077,0.00425531914893617,0.00021454623471358077,7.954816641476414e-05,2.0,2.0,0.0,/group/ctbrowngrp5/sourmash-db.new/gtdb-rs226/gtdb-rs226-k51.dna.rocksdb,GCA_004553285.1 Subdoligranulum variabile,88bd40466634bc6c8878e784fb41820e,0.00425531914893617,10000,376,22190000,outputs.mapping/bams.cds.rand/SRR14369219.x.s__Prevotella sp000434975.fastq.gz,SRR14369219.x.s__Prevotella sp000434975,07a94e46,46610000,51,DNA,10000,4661,True,0.8473621035226538,0.8984801221677612,0.8729211128452075,0.8984801221677612,True,2,21445,25142,d__Bacteria;p__Bacillota;c__Clostridia;o__Oscillospirales;f__Ruminococcaceae;g__Gemmiger;s__Gemmiger variabilis_A
10000,0.00021454623471358077,0.004347826086956522,0.00021454623471358077,0.00023864449924429243,6.0,6.0,0.0,/group/ctbrowngrp5/sourmash-db.new/gtdb-rs226/gtdb-rs226-k51.dna.rocksdb,GCA_946614955.1 uncultured Clostridia bacterium,8cd5f84e3e6ec8ead76569542d6185bb,0.004347826086956522,10000,377,22180000,outputs.mapping/bams.cds.rand/SRR14369219.x.s__Prevotella sp000434975.fastq.gz,SRR14369219.x.s__Prevotella sp000434975,07a94e46,46610000,51,DNA,10000,4661,True,0.8473621035226538,0.8988590824149439,0.8731105929687989,0.8988590824149439,True,6,21451,25142,d__Bacteria;p__Bacillota;c__Clostridia;o__Oscillospirales;f__Ruminococcaceae;g__UBA3818;s__UBA3818 sp002369315
10000,0.00021454623471358077,0.005714285714285714,0.00021454623471358077,3.977408320738207e-05,1.0,1.0,0.0,/group/ctbrowngrp5/sourmash-db.new/gtdb-rs226/gtdb-rs226-k51.dna.rocksdb,GCA_034113345.1 Paludibacteraceae bacterium,dd1ffa68afed0699787d55047841030e,0.005714285714285714,10000,378,22170000,outputs.mapping/bams.cds.rand/SRR14369219.x.s__Prevotella sp000434975.fastq.gz,SRR14369219.x.s__Prevotella sp000434975,07a94e46,46610000,51,DNA,10000,4661,True,0.8473621035226538,0.9036887208642069,0.8755254121934304,0.9036887208642069,True,1,21452,25142,d__Bacteria;p__Bacteroidota;c__Bacteroidia;o__Bacteroidales;f__Paludibacteraceae;g__Colicola;s__Colicola sp022777485
60000,0.0012872774082814847,0.003389830508474576,0.00021454623471358077,3.977408320738207e-05,1.0,1.0,0.0,/group/ctbrowngrp5/sourmash-db.new/gtdb-rs226/gtdb-rs226-k51.dna.rocksdb,GCA_902478175.1 uncultured Prevotellaceae bacterium,b2d9faf8bcedae2a4ab8860fbd9a51b5,0.020338983050847456,10000,379,22160000,outputs.mapping/bams.cds.rand/SRR14369219.x.s__Prevotella sp000434975.fastq.gz,SRR14369219.x.s__Prevotella sp000434975,07a94e46,46610000,51,DNA,10000,4661,True,0.8776612111886104,0.9264670645819012,0.9020641378852559,0.9264670645819012,True,1,21453,25142,d__Bacteria;p__Bacteroidota;c__Bacteroidia;o__Bacteroidales;f__Bacteroidaceae;g__Prevotella;s__Prevotella sp900552965
10000,0.00021454623471358077,0.0038910505836575876,0.00021454623471358077,3.977408320738207e-05,1.0,1.0,0.0,/group/ctbrowngrp5/sourmash-db.new/gtdb-rs226/gtdb-rs226-k51.dna.rocksdb,GCF_034117225.1 Clostridium fessum,7042336bb9cc66d9677a9c223fba130e,0.0038910505836575876,10000,380,22150000,outputs.mapping/bams.cds.rand/SRR14369219.x.s__Prevotella sp000434975.fastq.gz,SRR14369219.x.s__Prevotella sp000434975,07a94e46,46610000,51,DNA,10000,4661,True,0.8473621035226538,0.8969049261729743,0.8721335148478141,0.8969049261729743,True,1,21454,25142,d__Bacteria;p__Bacillota;c__Clostridia;o__Lachnospirales;f__Lachnospiraceae;g__Otoolea;s__Otoolea fessa
10000,0.00021454623471358077,0.0038022813688212928,0.00021454623471358077,3.977408320738207e-05,1.0,1.0,0.0,/group/ctbrowngrp5/sourmash-db.new/gtdb-rs226/gtdb-rs226-k51.dna.rocksdb,GCA_022776305.1 Lachnospiraceae bacterium,53c43c8f0fda61e91112b62695489b74,0.0038022813688212928,10000,381,22140000,outputs.mapping/bams.cds.rand/SRR14369219.x.s__Prevotella sp000434975.fastq.gz,SRR14369219.x.s__Prevotella sp000434975,07a94e46,46610000,51,DNA,10000,4661,True,0.8473621035226538,0.896499160640959,0.8719306320818064,0.896499160640959,True,1,21455,25142,d__Bacteria;p__Bacillota;c__Clostridia;o__Lachnospirales;f__Lachnospiraceae;g__Choladousia;s__Choladousia sp022776305
10000,0.00021454623471358077,0.004545454545454545,0.00021454623471358077,0.0004375149152812028,11.0,11.0,0.0,/group/ctbrowngrp5/sourmash-db.new/gtdb-rs226/gtdb-rs226-k51.dna.rocksdb,GCA_023401155.1 Spirochaetota bacterium,20f6c6299556026c0646e5553d2edfd9,0.004545454545454545,10000,382,22130000,outputs.mapping/bams.cds.rand/SRR14369219.x.s__Prevotella sp000434975.fastq.gz,SRR14369219.x.s__Prevotella sp000434975,07a94e46,46610000,51,DNA,10000,4661,True,0.8473621035226538,0.8996428723837347,0.8735024879531943,0.8996428723837347,True,11,21466,25142,d__Bacteria;p__Spirochaetota;c__Spirochaetia;o__Treponematales;f__Treponemataceae;g__Treponema_D;s__Treponema_D porcinum
70000,0.0015018236429950654,0.00641025641025641,0.00021454623471358077,3.977408320738207e-05,1.0,1.0,0.0,/group/ctbrowngrp5/sourmash-db.new/gtdb-rs226/gtdb-rs226-k51.dna.rocksdb,GCA_037278085.1 Prevotella sp.,2f26e8c7fd979d2bcc4b65652d8a9867,0.04487179487179487,10000,383,22120000,outputs.mapping/bams.cds.rand/SRR14369219.x.s__Prevotella sp000434975.fastq.gz,SRR14369219.x.s__Prevotella sp000434975,07a94e46,46610000,51,DNA,10000,4661,True,0.8803180100686623,0.9409533801593691,0.9106356951140158,0.9409533801593691,False,1,21467,25142,d__Bacteria;p__Bacteroidota;c__Bacteroidia;o__Bacteroidales;f__Bacteroidaceae;g__Prevotella;s__Prevotella copri_M
10000,0.00021454623471358077,0.004098360655737705,0.00021454623471358077,7.954816641476414e-05,2.0,2.0,0.0,/group/ctbrowngrp5/sourmash-db.new/gtdb-rs226/gtdb-rs226-k51.dna.rocksdb,GCA_934501405.1 uncultured Oscillospiraceae bacterium,5bd9a11caf8d6ee8eb41c3540582d917,0.004098360655737705,10000,384,22110000,outputs.mapping/bams.cds.rand/SRR14369219.x.s__Prevotella sp000434975.fastq.gz,SRR14369219.x.s__Prevotella sp000434975,07a94e46,46610000,51,DNA,10000,4661,True,0.8473621035226538,0.8978182617731918,0.8725901826479228,0.8978182617731918,True,2,21469,25142,d__Bacteria;p__Bacillota;c__Clostridia;o__Oscillospirales;f__Ruminococcaceae;g__Ruminococcus;s__Ruminococcus sp934481385
50000,0.001072731173567904,0.0036900369003690036,0.00021454623471358077,0.00011932224962214622,3.0,3.0,0.0,/group/ctbrowngrp5/sourmash-db.new/gtdb-rs226/gtdb-rs226-k51.dna.rocksdb,GCA_022772045.1 Bacteroidales bacterium,9e72417e4cf546f3104abcab5d3c6983,0.01845018450184502,10000,385,22100000,outputs.mapping/bams.cds.rand/SRR14369219.x.s__Prevotella sp000434975.fastq.gz,SRR14369219.x.s__Prevotella sp000434975,07a94e46,46610000,51,DNA,10000,4661,True,0.8745292332533195,0.9246982037244932,0.8996137184889064,0.9246982037244932,True,3,21472,25142,d__Bacteria;p__Bacteroidota;c__Bacteroidia;o__Bacteroidales;f__Muribaculaceae;g__Sodaliphilus;s__Sodaliphilus sp004557565
10000,0.00021454623471358077,0.005319148936170213,0.00021454623471358077,7.954816641476414e-05,2.0,2.0,0.0,/group/ctbrowngrp5/sourmash-db.new/gtdb-rs226/gtdb-rs226-k51.dna.rocksdb,GCA_902465085.1 uncultured Angelakisella sp.,ad8b475bc3ef17aafef3f5a323692938,0.005319148936170213,10000,386,22090000,outputs.mapping/bams.cds.rand/SRR14369219.x.s__Prevotella sp000434975.fastq.gz,SRR14369219.x.s__Prevotella sp000434975,07a94e46,46610000,51,DNA,10000,4661,True,0.8473621035226538,0.9024199122476589,0.8748910078851564,0.9024199122476589,True,2,21474,25142,d__Bacteria;p__Bacillota;c__Clostridia;o__Oscillospirales;f__Ruminococcaceae;g__Angelakisella;s__Angelakisella sp003453215
10000,0.00021454623471358077,0.007518796992481203,0.00021454623471358077,3.977408320738207e-05,1.0,1.0,0.0,/group/ctbrowngrp5/sourmash-db.new/gtdb-rs226/gtdb-rs226-k51.dna.rocksdb,GCA_934096605.1 uncultured Bacilli bacterium,c90f2aa47400d562bf7b7748cb5a7833,0.007518796992481203,10000,387,22080000,outputs.mapping/bams.cds.rand/SRR14369219.x.s__Prevotella sp000434975.fastq.gz,SRR14369219.x.s__Prevotella sp000434975,07a94e46,46610000,51,DNA,10000,4661,True,0.8473621035226538,0.9085646807370644,0.8779633921298591,0.9085646807370644,True,1,21475,25142,d__Bacteria;p__Bacillota;c__Bacilli;o__RF39;f__UBA660;g__Ventrenecus;s__Ventrenecus sp934096605
20000,0.00042909246942716153,0.0031446540880503146,0.00021454623471358077,0.0003579667488664386,9.0,9.0,0.0,/group/ctbrowngrp5/sourmash-db.new/gtdb-rs226/gtdb-rs226-k51.dna.rocksdb,GCF_902386895.1 Lachnoclostridium edouardi,6cd528a06abe977385d995605d696f97,0.006289308176100629,10000,388,22070000,outputs.mapping/bams.cds.rand/SRR14369219.x.s__Prevotella sp000434975.fastq.gz,SRR14369219.x.s__Prevotella sp000434975,07a94e46,46610000,51,DNA,10000,4661,True,0.8589573220844791,0.9053892851119669,0.882173303598223,0.9053892851119669,True,9,21484,25142,d__Bacteria;p__Bacillota;c__Clostridia;o__Lachnospirales;f__Lachnospiraceae;g__Lachnoclostridium_A;s__Lachnoclostridium_A edouardi
10000,0.00021454623471358077,0.005988023952095809,0.00021454623471358077,7.954816641476414e-05,2.0,2.0,0.0,/group/ctbrowngrp5/sourmash-db.new/gtdb-rs226/gtdb-rs226-k51.dna.rocksdb,GCA_037307505.1 bacterium,6dcab5c434a4d662ffc0e75acfe3613c,0.005988023952095809,10000,389,22060000,outputs.mapping/bams.cds.rand/SRR14369219.x.s__Prevotella sp000434975.fastq.gz,SRR14369219.x.s__Prevotella sp000434975,07a94e46,46610000,51,DNA,10000,4661,True,0.8473621035226538,0.9045182297439633,0.8759401666333086,0.9045182297439633,True,2,21486,25142,d__Bacteria;p__Bacillota;c__Clostridia;o__Christensenellales;f__Borkfalkiaceae;g__UBA10281;s__UBA10281 sp000437515
10000,0.00021454623471358077,0.002793296089385475,0.00021454623471358077,0.00015909633282952827,4.0,4.0,0.0,/group/ctbrowngrp5/sourmash-db.new/gtdb-rs226/gtdb-rs226-k51.dna.rocksdb,GCA_963663605.1 uncultured Sporobacter sp.,52c3e24acb2563de764897c55a592f25,0.002793296089385475,10000,390,22050000,outputs.mapping/bams.cds.rand/SRR14369219.x.s__Prevotella sp000434975.fastq.gz,SRR14369219.x.s__Prevotella sp000434975,07a94e46,46610000,51,DNA,10000,4661,True,0.8473621035226538,0.8910947033197164,0.8692284034211851,0.8910947033197164,True,4,21490,25142,d__Bacteria;p__Bacillota;c__Clostridia;o__Oscillospirales;f__Oscillospiraceae;g__Sporobacter;s__Sporobacter sp963663605
10000,0.00021454623471358077,0.009259259259259259,0.00021454623471358077,3.977408320738207e-05,1.0,1.0,0.0,/group/ctbrowngrp5/sourmash-db.new/gtdb-rs226/gtdb-rs226-k51.dna.rocksdb,GCA_034087365.1 Eubacteriales bacterium,f65c3185a661a023d217f834b6469636,0.009259259259259259,10000,391,22040000,outputs.mapping/bams.cds.rand/SRR14369219.x.s__Prevotella sp000434975.fastq.gz,SRR14369219.x.s__Prevotella sp000434975,07a94e46,46610000,51,DNA,10000,4661,True,0.8473621035226538,0.9122816638494313,0.8798218836860425,0.9122816638494313,True,1,21491,25142,d__Bacteria;p__Bacillota;c__Clostridia;o__Christensenellales;f__UBA1242;g__HGM11367;s__HGM11367 sp900768425
10000,0.00021454623471358077,0.0040650406504065045,0.00021454623471358077,3.977408320738207e-05,1.0,1.0,0.0,/group/ctbrowngrp5/sourmash-db.new/gtdb-rs226/gtdb-rs226-k51.dna.rocksdb,GCA_945828495.1 uncultured Prevotella sp.,571d4eb6d6652062632628b5e8ae1ec3,0.0040650406504065045,10000,392,22030000,outputs.mapping/bams.cds.rand/SRR14369219.x.s__Prevotella sp000434975.fastq.gz,SRR14369219.x.s__Prevotella sp000434975,07a94e46,46610000,51,DNA,10000,4661,True,0.8473621035226538,0.8976745640706776,0.8725183337966658,0.8976745640706776,True,1,21492,25142,d__Bacteria;p__Bacteroidota;c__Bacteroidia;o__Bacteroidales;f__Bacteroidaceae;g__Prevotella;s__Prevotella sp900547005
90000,0.001930916112422227,0.003246753246753247,0.00021454623471358077,3.977408320738207e-05,1.0,1.0,0.0,/group/ctbrowngrp5/sourmash-db.new/gtdb-rs226/gtdb-rs226-k51.dna.rocksdb,GCA_022738775.1 Prevotella sp.,9555be16fa45e6cd749f1cd4450a5ccd,0.02922077922077922,10000,393,22020000,outputs.mapping/bams.cds.rand/SRR14369219.x.s__Prevotella sp000434975.fastq.gz,SRR14369219.x.s__Prevotella sp000434975,07a94e46,46610000,51,DNA,10000,4661,True,0.8846666887248115,0.933072791094827,0.9088697399098192,0.933072791094827,False,1,21493,25142,d__Bacteria;p__Bacteroidota;c__Bacteroidia;o__Bacteroidales;f__Bacteroidaceae;g__Prevotella;s__Prevotella sp002265625
30000,0.0006436387041407423,0.00411522633744856,0.00021454623471358077,7.954816641476414e-05,2.0,2.0,0.0,/group/ctbrowngrp5/sourmash-db.new/gtdb-rs226/gtdb-rs226-k51.dna.rocksdb,GCA_928721845.1 uncultured Muribaculaceae bacterium,1f16fa92c7ff5d386dd4564f1f5b214d,0.012345679012345678,10000,394,22010000,outputs.mapping/bams.cds.rand/SRR14369219.x.s__Prevotella sp000434975.fastq.gz,SRR14369219.x.s__Prevotella sp000434975,07a94e46,46610000,51,DNA,10000,4661,True,0.8658135054815657,0.9174422262512953,0.8916278658664305,0.9174422262512953,True,2,21495,25142,d__Bacteria;p__Bacteroidota;c__Bacteroidia;o__Bacteroidales;f__Muribaculaceae;g__UBA7173;s__UBA7173 sp900546835
10000,0.00021454623471358077,0.0027397260273972603,0.00021454623471358077,0.00015909633282952827,4.0,4.0,0.0,/group/ctbrowngrp5/sourmash-db.new/gtdb-rs226/gtdb-rs226-k51.dna.rocksdb,GCA_037066635.1 Lachnospiraceae bacterium,5ecf0d5b69af92d929270e543e9de15e,0.0027397260273972603,10000,395,22000000,outputs.mapping/bams.cds.rand/SRR14369219.x.s__Prevotella sp000434975.fastq.gz,SRR14369219.x.s__Prevotella sp000434975,07a94e46,46610000,51,DNA,10000,4661,True,0.8473621035226538,0.8907564247011698,0.8690592641119118,0.8907564247011698,True,4,21499,25142,d__Bacteria;p__Bacillota;c__Clostridia;o__Lachnospirales;f__Lachnospiraceae;g__COE1;s__COE1 sp001916965
10000,0.00021454623471358077,0.004651162790697674,0.00021454623471358077,7.954816641476414e-05,2.0,2.0,0.0,/group/ctbrowngrp5/sourmash-db.new/gtdb-rs226/gtdb-rs226-k51.dna.rocksdb,GCA_905194705.1 uncultured Solobacterium sp.,c87400c340cc404a2438d8c9972b3312,0.004651162790697674,10000,396,21990000,outputs.mapping/bams.cds.rand/SRR14369219.x.s__Prevotella sp000434975.fastq.gz,SRR14369219.x.s__Prevotella sp000434975,07a94e46,46610000,51,DNA,10000,4661,True,0.8473621035226538,0.90004850019656,0.8737053018596069,0.90004850019656,True,2,21501,25142,d__Bacteria;p__Bacillota;c__Bacilli;o__Erysipelotrichales;f__Erysipelotrichaceae;g__Bulleidia;s__Bulleidia sp905194705
10000,0.00021454623471358077,0.01,0.00021454623471358077,7.954816641476414e-05,2.0,2.0,0.0,/group/ctbrowngrp5/sourmash-db.new/gtdb-rs226/gtdb-rs226-k51.dna.rocksdb,GCA_902774655.1 uncultured Erysipelotrichaceae bacterium,54702ff7c6ba404b6b20473e0e3d9437,0.01,10000,397,21980000,outputs.mapping/bams.cds.rand/SRR14369219.x.s__Prevotella sp000434975.fastq.gz,SRR14369219.x.s__Prevotella sp000434975,07a94e46,46610000,51,DNA,10000,4661,True,0.8473621035226538,0.9136593726391776,0.8805107380809157,0.9136593726391776,True,2,21503,25142,d__Bacteria;p__Bacillota;c__Bacilli;o__RFN20;f__CAG-826;g__Fiminaster;s__Fiminaster sp902774655
560000,0.012014589143960523,0.0030120481927710845,0.00021454623471358077,0.00023864449924429243,6.0,6.0,0.0,/group/ctbrowngrp5/sourmash-db.new/gtdb-rs226/gtdb-rs226-k51.dna.rocksdb,GCA_019409625.1 Prevotella sp.,bf68c460059b38c77d8bba88bcf4f836,0.1686746987951807,10000,398,21970000,outputs.mapping/bams.cds.rand/SRR14369219.x.s__Prevotella sp000434975.fastq.gz,SRR14369219.x.s__Prevotella sp000434975,07a94e46,46610000,51,DNA,10000,4661,True,0.9169533337515805,0.965704191796411,0.9413287627739957,0.965704191796411,False,6,21509,25142,d__Bacteria;p__Bacteroidota;c__Bacteroidia;o__Bacteroidales;f__Bacteroidaceae;g__Prevotella;s__Prevotella sp900313215
10000,0.00021454623471358077,0.004830917874396135,0.00021454623471358077,3.977408320738207e-05,1.0,1.0,0.0,/group/ctbrowngrp5/sourmash-db.new/gtdb-rs226/gtdb-rs226-k51.dna.rocksdb,GCA_023396135.1 Bacillota bacterium,a25a6c0f8e3125a4d7586bf89627f6dc,0.004830917874396135,10000,399,21960000,outputs.mapping/bams.cds.rand/SRR14369219.x.s__Prevotella sp000434975.fastq.gz,SRR14369219.x.s__Prevotella sp000434975,07a94e46,46610000,51,DNA,10000,4661,True,0.8473621035226538,0.9007179480665418,0.8740400257945978,0.9007179480665418,True,1,21510,25142,d__Bacteria;p__Bacillota;c__Clostridia;o__Clostridiales;f__Clostridiaceae;g__Clostridium;s__Clostridium sp023399035
30000,0.0006436387041407423,0.002325581395348837,0.00021454623471358077,0.00019887041603691035,5.0,5.0,0.0,/group/ctbrowngrp5/sourmash-db.new/gtdb-rs226/gtdb-rs226-k51.dna.rocksdb,GCA_022733675.1 Odoribacter splanchnicus,3936dcf5731bd29f5bdeafe294ae3aa0,0.0069767441860465115,10000,400,21950000,outputs.mapping/bams.cds.rand/SRR14369219.x.s__Prevotella sp000434975.fastq.gz,SRR14369219.x.s__Prevotella sp000434975,07a94e46,46610000,51,DNA,10000,4661,True,0.8658135054815657,0.9072326727100967,0.8865230890958311,0.9072326727100967,True,5,21515,25142,d__Bacteria;p__Bacteroidota;c__Bacteroidia;o__Bacteroidales;f__Marinifilaceae;g__Odoribacter;s__Odoribacter splanchnicus
20000,0.00042909246942716153,0.003424657534246575,0.00021454623471358077,7.954816641476414e-05,2.0,2.0,0.0,/group/ctbrowngrp5/sourmash-db.new/gtdb-rs226/gtdb-rs226-k51.dna.rocksdb,GCA_959607435.1 uncultured Eubacteriales bacterium,be903e7c196ec8fb32679a577e014cd7,0.00684931506849315,10000,401,21940000,outputs.mapping/bams.cds.rand/SRR14369219.x.s__Prevotella sp000434975.fastq.gz,SRR14369219.x.s__Prevotella sp000434975,07a94e46,46610000,51,DNA,10000,4661,True,0.8589573220844791,0.9069048171321926,0.8829310696083359,0.9069048171321926,True,2,21517,25142,d__Bacteria;p__Bacillota;c__Clostridia;o__Oscillospirales;f__Oscillospiraceae;g__CAG-170;s__CAG-170 sp900545925
2120000,0.04548380175927912,0.004048582995951417,0.00021454623471358077,0.00015909633282952827,4.0,4.0,0.0,/group/ctbrowngrp5/sourmash-db.new/gtdb-rs226/gtdb-rs226-k51.dna.rocksdb,GCA_945876555.1 uncultured Bacteroidales bacterium,f6a23d66294bb95089efc4d90f323a87,0.8582995951417004,10000,402,21930000,outputs.mapping/bams.cds.rand/SRR14369219.x.s__Prevotella sp000434975.fastq.gz,SRR14369219.x.s__Prevotella sp000434975,07a94e46,46610000,51,DNA,10000,4661,True,0.9412033533885318,0.9970083650230337,0.9691058592057827,0.9970083650230337,False,4,21521,25142,d__Bacteria;p__Bacteroidota;c__Bacteroidia;o__Bacteroidales;f__Bacteroidaceae;g__Prevotella;s__Prevotella sp000434975
40000,0.0008581849388543231,0.004629629629629629,0.00021454623471358077,0.0002784185824516745,7.0,7.0,0.0,/group/ctbrowngrp5/sourmash-db.new/gtdb-rs226/gtdb-rs226-k51.dna.rocksdb,GCA_022771565.1 Bacteroidales bacterium,ac4a9803515a34d4874fa0666221688b,0.018518518518518517,10000,403,21920000,outputs.mapping/bams.cds.rand/SRR14369219.x.s__Prevotella sp000434975.fastq.gz,SRR14369219.x.s__Prevotella sp000434975,07a94e46,46610000,51,DNA,10000,4661,True,0.8707112084613239,0.9247652352037607,0.8977382218325423,0.9247652352037607,True,7,21528,25142,d__Bacteria;p__Bacteroidota;c__Bacteroidia;o__Bacteroidales;f__Muribaculaceae;g__Sodaliphilus;s__Sodaliphilus sp004557565
220000,0.004720017163698777,0.0033222591362126247,0.00021454623471358077,3.977408320738207e-05,1.0,1.0,0.0,/group/ctbrowngrp5/sourmash-db.new/gtdb-rs226/gtdb-rs226-k51.dna.rocksdb,GCA_037354765.1 Segatella copri,969cf77015e8c684ea2858b4e2726ca2,0.07308970099667775,10000,404,21910000,outputs.mapping/bams.cds.rand/SRR14369219.x.s__Prevotella sp000434975.fastq.gz,SRR14369219.x.s__Prevotella sp000434975,07a94e46,46610000,51,DNA,10000,4661,True,0.900307878334494,0.9499979547523152,0.9251529165434046,0.9499979547523152,False,1,21529,25142,d__Bacteria;p__Bacteroidota;c__Bacteroidia;o__Bacteroidales;f__Bacteroidaceae;g__Prevotella;s__Prevotella sp022741625
70000,0.0015018236429950654,0.0033112582781456954,0.00021454623471358077,3.977408320738207e-05,1.0,1.0,0.0,/group/ctbrowngrp5/sourmash-db.new/gtdb-rs226/gtdb-rs226-k51.dna.rocksdb,GCA_958435525.1 uncultured Prevotella sp.,52bc84b77fd8cd21554c75104c204f97,0.023178807947019868,10000,405,21900000,outputs.mapping/bams.cds.rand/SRR14369219.x.s__Prevotella sp000434975.fastq.gz,SRR14369219.x.s__Prevotella sp000434975,07a94e46,46610000,51,DNA,10000,4661,True,0.8803180100686623,0.9288443906018418,0.904581200335252,0.9288443906018418,False,1,21530,25142,d__Bacteria;p__Bacteroidota;c__Bacteroidia;o__Bacteroidales;f__Bacteroidaceae;g__Prevotella;s__Prevotella sp002265625
10000,0.00021454623471358077,0.007633587786259542,0.00021454623471358077,0.00011932224962214622,3.0,3.0,0.0,/group/ctbrowngrp5/sourmash-db.new/gtdb-rs226/gtdb-rs226-k51.dna.rocksdb,GCA_934339845.1 uncultured Bacteroidaceae bacterium,8eee4f73afad3c9803104686b3b2c162,0.007633587786259542,10000,406,21890000,outputs.mapping/bams.cds.rand/SRR14369219.x.s__Prevotella sp000434975.fastq.gz,SRR14369219.x.s__Prevotella sp000434975,07a94e46,46610000,51,DNA,10000,4661,True,0.8473621035226538,0.908834650149845,0.8780983768362494,0.908834650149845,True,3,21533,25142,d__Bacteria;p__Bacteroidota;c__Bacteroidia;o__Bacteroidales;f__Bacteroidaceae;g__UBA6382;s__UBA6382 sp900557555
10000,0.00021454623471358077,0.004901960784313725,0.00021454623471358077,3.977408320738207e-05,1.0,1.0,0.0,/group/ctbrowngrp5/sourmash-db.new/gtdb-rs226/gtdb-rs226-k51.dna.rocksdb,GCA_946410415.1 uncultured Clostridia bacterium,b4e2bebc4084a63436308f78b253fee3,0.004901960784313725,10000,407,21880000,outputs.mapping/bams.cds.rand/SRR14369219.x.s__Prevotella sp000434975.fastq.gz,SRR14369219.x.s__Prevotella sp000434975,07a94e46,46610000,51,DNA,10000,4661,True,0.8473621035226538,0.9009758163577729,0.8741689599402134,0.9009758163577729,True,1,21534,25142,d__Bacteria;p__Bacillota;c__Clostridia;o__Oscillospirales;f__Ruminococcaceae;g__SFJ001;s__SFJ001 sp004555865
160000,0.0034327397554172923,0.0032258064516129032,0.00021454623471358077,0.00015909633282952827,4.0,4.0,0.0,/group/ctbrowngrp5/sourmash-db.new/gtdb-rs226/gtdb-rs226-k51.dna.rocksdb,GCA_945977675.1 uncultured Prevotella sp.,809a1af1330918dd407186881f65fb9f,0.05161290322580645,10000,408,21870000,outputs.mapping/bams.cds.rand/SRR14369219.x.s__Prevotella sp000434975.fastq.gz,SRR14369219.x.s__Prevotella sp000434975,07a94e46,46610000,51,DNA,10000,4661,True,0.8947036991487437,0.9435392401967764,0.9191214696727601,0.9435392401967764,False,4,21538,25142,d__Bacteria;p__Bacteroidota;c__Bacteroidia;o__Bacteroidales;f__Bacteroidaceae;g__Prevotella;s__Prevotella faecis
10000,0.00021454623471358077,0.0049504950495049506,0.00021454623471358077,7.954816641476414e-05,2.0,2.0,0.0,/group/ctbrowngrp5/sourmash-db.new/gtdb-rs226/gtdb-rs226-k51.dna.rocksdb,GCA_034100485.1 Candidatus Cryptobacteroides sp.,590586fafc8a3927b81ae149bcf0f2e0,0.0049504950495049506,10000,409,21860000,outputs.mapping/bams.cds.rand/SRR14369219.x.s__Prevotella sp000434975.fastq.gz,SRR14369219.x.s__Prevotella sp000434975,07a94e46,46610000,51,DNA,10000,4661,True,0.8473621035226538,0.9011498857361002,0.8742559946293771,0.9011498857361002,True,2,21540,25142,d__Bacteria;p__Bacteroidota;c__Bacteroidia;o__Bacteroidales;f__UBA932;g__Cryptobacteroides;s__Cryptobacteroides sp029009115
170000,0.0036472859901308732,0.004219409282700422,0.00021454623471358077,0.00019887041603691035,5.0,5.0,0.0,/group/ctbrowngrp5/sourmash-db.new/gtdb-rs226/gtdb-rs226-k51.dna.rocksdb,GCA_022742105.1 Prevotella sp.,8945a7ed3df91221cd07a241efe80d4c,0.07172995780590717,10000,410,21850000,outputs.mapping/bams.cds.rand/SRR14369219.x.s__Prevotella sp000434975.fastq.gz,SRR14369219.x.s__Prevotella sp000434975,07a94e46,46610000,51,DNA,10000,4661,True,0.8957678819889173,0.9496482152637209,0.922708048626319,0.9496482152637209,False,5,21545,25142,d__Bacteria;p__Bacteroidota;c__Bacteroidia;o__Bacteroidales;f__Bacteroidaceae;g__Prevotella;s__Prevotella copri_A
20000,0.00042909246942716153,0.006896551724137931,0.00021454623471358077,3.977408320738207e-05,1.0,1.0,0.0,/group/ctbrowngrp5/sourmash-db.new/gtdb-rs226/gtdb-rs226-k51.dna.rocksdb,GCA_004557025.1 Ruminococcus sp.,3cf25617146405d6c33a7c9d03c1175c,0.013793103448275862,10000,411,21840000,outputs.mapping/bams.cds.rand/SRR14369219.x.s__Prevotella sp000434975.fastq.gz,SRR14369219.x.s__Prevotella sp000434975,07a94e46,46610000,51,DNA,10000,4661,True,0.8589573220844791,0.9194387096145087,0.8891980158494939,0.9194387096145087,True,1,21546,25142,d__Bacteria;p__Bacillota;c__Clostridia;o__Oscillospirales;f__Acutalibacteraceae;g__Eubacterium_R;s__Eubacterium_R coprostanoligenes
2100000,0.04505470928985196,0.004081632653061225,0.00021454623471358077,7.954816641476414e-05,2.0,2.0,0.0,/group/ctbrowngrp5/sourmash-db.new/gtdb-rs226/gtdb-rs226-k51.dna.rocksdb,GCA_022771985.1 Prevotella sp.,9524cf6937a6cccf46ae68b59b7cbfbc,0.8571428571428571,10000,412,21830000,outputs.mapping/bams.cds.rand/SRR14369219.x.s__Prevotella sp000434975.fastq.gz,SRR14369219.x.s__Prevotella sp000434975,07a94e46,46610000,51,DNA,10000,4661,True,0.9410284397299169,0.9969820009932039,0.9690052203615604,0.9969820009932039,False,2,21548,25142,d__Bacteria;p__Bacteroidota;c__Bacteroidia;o__Bacteroidales;f__Bacteroidaceae;g__Prevotella;s__Prevotella sp000434975
1280000,0.027461918043338338,0.0031746031746031746,0.00021454623471358077,7.954816641476414e-05,2.0,2.0,0.0,/group/ctbrowngrp5/sourmash-db.new/gtdb-rs226/gtdb-rs226-k51.dna.rocksdb,GCA_963602675.1 bacterium,c52e94ee1cdb20b761604b3f5594c769,0.40634920634920635,10000,413,21820000,outputs.mapping/bams.cds.rand/SRR14369219.x.s__Prevotella sp000434975.fastq.gz,SRR14369219.x.s__Prevotella sp000434975,07a94e46,46610000,51,DNA,10000,4661,True,0.9319376978216345,0.982497289888621,0.9572174938551277,0.982497289888621,False,2,21550,25142,d__Bacteria;p__Bacteroidota;c__Bacteroidia;o__Bacteroidales;f__Bacteroidaceae;g__Prevotella;s__Prevotella sp000434975
110000,0.0023600085818493884,0.0038461538461538464,0.00021454623471358077,7.954816641476414e-05,2.0,2.0,0.0,/group/ctbrowngrp5/sourmash-db.new/gtdb-rs226/gtdb-rs226-k51.dna.rocksdb,GCA_036309845.1 Prevotella sp.,a60ced4dabef31e3ae35f621c3745bb3,0.04230769230769231,10000,414,21810000,outputs.mapping/bams.cds.rand/SRR14369219.x.s__Prevotella sp000434975.fastq.gz,SRR14369219.x.s__Prevotella sp000434975,07a94e46,46610000,51,DNA,10000,4661,True,0.8881544612160649,0.9398683950472981,0.9140114281316816,0.9398683950472981,False,2,21552,25142,d__Bacteria;p__Bacteroidota;c__Bacteroidia;o__Bacteroidales;f__Bacteroidaceae;g__Prevotella;s__Prevotella sp900548195
300000,0.0064363870414074235,0.0029850746268656717,0.00021454623471358077,7.954816641476414e-05,2.0,2.0,0.0,/group/ctbrowngrp5/sourmash-db.new/gtdb-rs226/gtdb-rs226-k51.dna.rocksdb,GCA_019409095.1 Prevotella sp.,2c344e6080ad6f20014bb128d796ef8b,0.08955223880597014,10000,415,21800000,outputs.mapping/bams.cds.rand/SRR14369219.x.s__Prevotella sp000434975.fastq.gz,SRR14369219.x.s__Prevotella sp000434975,07a94e46,46610000,51,DNA,10000,4661,True,0.9057997553656649,0.9537893732096433,0.9297945642876542,0.9537893732096433,False,2,21554,25142,d__Bacteria;p__Bacteroidota;c__Bacteroidia;o__Bacteroidales;f__Bacteroidaceae;g__Prevotella;s__Prevotella copri_C
360000,0.007723664449688908,0.0035211267605633804,0.00021454623471358077,3.977408320738207e-05,1.0,1.0,0.0,/group/ctbrowngrp5/sourmash-db.new/gtdb-rs226/gtdb-rs226-k51.dna.rocksdb,GCA_945921625.1 uncultured Prevotella sp.,45b4d0d75c7bcc6c3081304734915840,0.1267605633802817,10000,416,21790000,outputs.mapping/bams.cds.rand/SRR14369219.x.s__Prevotella sp000434975.fastq.gz,SRR14369219.x.s__Prevotella sp000434975,07a94e46,46610000,51,DNA,10000,4661,True,0.9090437233655035,0.9603100062000731,0.9346768647827883,0.9603100062000731,False,1,21555,25142,d__Bacteria;p__Bacteroidota;c__Bacteroidia;o__Bacteroidales;f__Bacteroidaceae;g__Prevotella;s__Prevotella sinensis
30000,0.0006436387041407423,0.004201680672268907,0.00021454623471358077,3.977408320738207e-05,1.0,1.0,0.0,/group/ctbrowngrp5/sourmash-db.new/gtdb-rs226/gtdb-rs226-k51.dna.rocksdb,GCA_028727725.1 Bacteroidales bacterium,0cee8de78308779ba0b95d060f56631c,0.012605042016806723,10000,417,21780000,outputs.mapping/bams.cds.rand/SRR14369219.x.s__Prevotella sp000434975.fastq.gz,SRR14369219.x.s__Prevotella sp000434975,07a94e46,46610000,51,DNA,10000,4661,True,0.8658135054815657,0.9178163089665942,0.89181490722408,0.9178163089665942,True,1,21556,25142,d__Bacteria;p__Bacteroidota;c__Bacteroidia;o__Bacteroidales;f__Bacteroidaceae;g__Alloprevotella;s__Alloprevotella sp004552865
10000,0.00021454623471358077,0.003663003663003663,0.00021454623471358077,7.954816641476414e-05,2.0,2.0,0.0,/group/ctbrowngrp5/sourmash-db.new/gtdb-rs226/gtdb-rs226-k51.dna.rocksdb,GCA_934663625.1 uncultured Clostridia bacterium,bd33d7e7b0435a108f12611d89eb5a04,0.003663003663003663,10000,418,21770000,outputs.mapping/bams.cds.rand/SRR14369219.x.s__Prevotella sp000434975.fastq.gz,SRR14369219.x.s__Prevotella sp000434975,07a94e46,46610000,51,DNA,10000,4661,True,0.8473621035226538,0.8958434134603346,0.8716027584914943,0.8958434134603346,True,2,21558,25142,d__Bacteria;p__Bacillota;c__Clostridia;o__Christensenellales;f__Aristaeellaceae;g__SFTH01;s__SFTH01 sp934663625
100000,0.002145462347135808,0.003745318352059925,0.00021454623471358077,3.977408320738207e-05,1.0,1.0,0.0,/group/ctbrowngrp5/sourmash-db.new/gtdb-rs226/gtdb-rs226-k51.dna.rocksdb,GCA_934196585.1 uncultured Prevotella sp.,17442f4a7fcb246a50dd4a84c2b3afeb,0.03745318352059925,10000,419,21760000,outputs.mapping/bams.cds.rand/SRR14369219.x.s__Prevotella sp000434975.fastq.gz,SRR14369219.x.s__Prevotella sp000434975,07a94e46,46610000,51,DNA,10000,4661,True,0.8864962041104325,0.937625026950339,0.9120606155303858,0.937625026950339,False,1,21559,25142,d__Bacteria;p__Bacteroidota;c__Bacteroidia;o__Bacteroidales;f__Bacteroidaceae;g__Prevotella;s__Prevotella sp900550035
160000,0.0034327397554172923,0.0035971223021582736,0.00021454623471358077,7.954816641476414e-05,2.0,2.0,0.0,/group/ctbrowngrp5/sourmash-db.new/gtdb-rs226/gtdb-rs226-k51.dna.rocksdb,GCA_946402085.1 uncultured Prevotella sp.,03af1aa1df2bc7e4cd092bb916c075fa,0.05755395683453238,10000,420,21750000,outputs.mapping/bams.cds.rand/SRR14369219.x.s__Prevotella sp000434975.fastq.gz,SRR14369219.x.s__Prevotella sp000434975,07a94e46,46610000,51,DNA,10000,4661,True,0.8947036991487437,0.945557075506684,0.9201303873277138,0.945557075506684,False,2,21561,25142,d__Bacteria;p__Bacteroidota;c__Bacteroidia;o__Bacteroidales;f__Bacteroidaceae;g__Prevotella;s__Prevotella faecis
40000,0.0008581849388543231,0.007936507936507936,0.00021454623471358077,7.954816641476414e-05,2.0,2.0,0.0,/group/ctbrowngrp5/sourmash-db.new/gtdb-rs226/gtdb-rs226-k51.dna.rocksdb,GCA_934679995.1 uncultured Eubacteriales bacterium,46b30473d323f27c4d02c86c5165ff6b,0.031746031746031744,10000,421,21740000,outputs.mapping/bams.cds.rand/SRR14369219.x.s__Prevotella sp000434975.fastq.gz,SRR14369219.x.s__Prevotella sp000434975,07a94e46,46610000,51,DNA,10000,4661,True,0.8707112084613239,0.9345904989903611,0.9026508537258424,0.9345904989903611,True,2,21563,25142,d__Bacteria;p__Bacillota;c__Clostridia;o__Oscillospirales;f__Acutalibacteraceae;g__UMGS1491;s__UMGS1491 sp900552265
20000,0.00042909246942716153,0.004608294930875576,0.00021454623471358077,0.00011932224962214622,3.0,3.0,0.0,/group/ctbrowngrp5/sourmash-db.new/gtdb-rs226/gtdb-rs226-k51.dna.rocksdb,GCA_004561455.1 bacterium,53ec677c015c1b83f30b1cf2b3f886a9,0.009216589861751152,10000,422,21730000,outputs.mapping/bams.cds.rand/SRR14369219.x.s__Prevotella sp000434975.fastq.gz,SRR14369219.x.s__Prevotella sp000434975,07a94e46,46610000,51,DNA,10000,4661,True,0.8589573220844791,0.9121990444611786,0.8855781832728289,0.9121990444611786,True,3,21566,25142,d__Bacteria;p__Bacteroidota;c__Bacteroidia;o__Bacteroidales;f__Paludibacteraceae;g__Aphodosoma;s__Aphodosoma sp900769035
10000,0.00021454623471358077,0.0033783783783783786,0.00021454623471358077,3.977408320738207e-05,1.0,1.0,0.0,/group/ctbrowngrp5/sourmash-db.new/gtdb-rs226/gtdb-rs226-k51.dna.rocksdb,GCA_938022155.1 uncultured Clostridia bacterium,90bf51c8e839a793b7ba21564b5b53bd,0.0033783783783783786,10000,423,21720000,outputs.mapping/bams.cds.rand/SRR14369219.x.s__Prevotella sp000434975.fastq.gz,SRR14369219.x.s__Prevotella sp000434975,07a94e46,46610000,51,DNA,10000,4661,True,0.8473621035226538,0.8944237028141261,0.87089290316839,0.8944237028141261,True,1,21567,25142,d__Bacteria;p__Bacillota;c__Clostridia;o__HGM11514;f__HGM11514;g__CAKSKB01;s__CAKSKB01 sp902492655
60000,0.0012872774082814847,0.004464285714285714,0.00021454623471358077,7.954816641476414e-05,2.0,2.0,0.0,/group/ctbrowngrp5/sourmash-db.new/gtdb-rs226/gtdb-rs226-k51.dna.rocksdb,GCA_034172565.1 Sodaliphilus sp.,9b29596300c2decbc382b5c716a228dd,0.026785714285714284,10000,424,21710000,outputs.mapping/bams.cds.rand/SRR14369219.x.s__Prevotella sp000434975.fastq.gz,SRR14369219.x.s__Prevotella sp000434975,07a94e46,46610000,51,DNA,10000,4661,True,0.8776612111886104,0.9314822277584545,0.9045717194735324,0.9314822277584545,True,2,21569,25142,d__Bacteria;p__Bacteroidota;c__Bacteroidia;o__Bacteroidales;f__Muribaculaceae;g__Sodaliphilus;s__Sodaliphilus sp004557565
50000,0.001072731173567904,0.003952569169960474,0.00021454623471358077,0.0002784185824516745,7.0,7.0,0.0,/group/ctbrowngrp5/sourmash-db.new/gtdb-rs226/gtdb-rs226-k51.dna.rocksdb,GCA_036303165.1 Sodaliphilus sp.,9795f6ea9fc1f16bd4a3075b1b2e22ab,0.019762845849802372,10000,425,21700000,outputs.mapping/bams.cds.rand/SRR14369219.x.s__Prevotella sp000434975.fastq.gz,SRR14369219.x.s__Prevotella sp000434975,07a94e46,46610000,51,DNA,10000,4661,True,0.8745292332533195,0.9259451984875915,0.9002372158704555,0.9259451984875915,True,7,21576,25142,d__Bacteria;p__Bacteroidota;c__Bacteroidia;o__Bacteroidales;f__Muribaculaceae;g__Sodaliphilus;s__Sodaliphilus sp004557565
410000,0.008796395623256811,0.00273224043715847,0.00021454623471358077,7.954816641476414e-05,2.0,2.0,0.0,/group/ctbrowngrp5/sourmash-db.new/gtdb-rs226/gtdb-rs226-k51.dna.rocksdb,GCA_945963825.1 uncultured Prevotella sp.,c29731de801a8c3f46bff6fca7efcb94,0.11202185792349727,10000,426,21690000,outputs.mapping/bams.cds.rand/SRR14369219.x.s__Prevotella sp000434975.fastq.gz,SRR14369219.x.s__Prevotella sp000434975,07a94e46,46610000,51,DNA,10000,4661,True,0.9113647988037672,0.9579853724825199,0.9346750856431436,0.9579853724825199,False,2,21578,25142,d__Bacteria;p__Bacteroidota;c__Bacteroidia;o__Bacteroidales;f__Bacteroidaceae;g__Prevotella;s__Prevotella sp945863825
70000,0.0015018236429950654,0.002967359050445104,0.00021454623471358077,7.954816641476414e-05,2.0,2.0,0.0,/group/ctbrowngrp5/sourmash-db.new/gtdb-rs226/gtdb-rs226-k51.dna.rocksdb,GCA_000511755.1 Bacteroides pyogenes DSM 20611 = JCM 6294,ffe1b160a1bccc60b446ee35c382340c,0.020771513353115726,10000,427,21680000,outputs.mapping/bams.cds.rand/SRR14369219.x.s__Prevotella sp000434975.fastq.gz,SRR14369219.x.s__Prevotella sp000434975,07a94e46,46610000,51,DNA,10000,4661,True,0.8803180100686623,0.9268494129563296,0.903583711512496,0.9268494129563296,False,2,21580,25142,d__Bacteria;p__Bacteroidota;c__Bacteroidia;o__Bacteroidales;f__Bacteroidaceae;g__Bacteroides;s__Bacteroides pyogenes
320000,0.0068654795108345846,0.0035971223021582736,0.00021454623471358077,3.977408320738207e-05,1.0,1.0,0.0,/group/ctbrowngrp5/sourmash-db.new/gtdb-rs226/gtdb-rs226-k51.dna.rocksdb,GCA_018383955.1 Prevotella sp.,8835624ac9b6c6bfdb9a6d3689d868fe,0.11510791366906475,10000,428,21670000,outputs.mapping/bams.cds.rand/SRR14369219.x.s__Prevotella sp000434975.fastq.gz,SRR14369219.x.s__Prevotella sp000434975,07a94e46,46610000,51,DNA,10000,4661,True,0.906946735386233,0.9584959842773275,0.9327213598317803,0.9584959842773275,False,1,21581,25142,d__Bacteria;p__Bacteroidota;c__Bacteroidia;o__Bacteroidales;f__Bacteroidaceae;g__Prevotella;s__Prevotella sp945863825
150000,0.0032181935207037118,0.0036496350364963502,0.00021454623471358077,0.00011932224962214622,3.0,3.0,0.0,/group/ctbrowngrp5/sourmash-db.new/gtdb-rs226/gtdb-rs226-k51.dna.rocksdb,GCA_963556885.1 uncultured Prevotella sp.,df9431ca7115c3dce815fbad3e862096,0.05474452554744526,10000,429,21660000,outputs.mapping/bams.cds.rand/SRR14369219.x.s__Prevotella sp000434975.fastq.gz,SRR14369219.x.s__Prevotella sp000434975,07a94e46,46610000,51,DNA,10000,4661,True,0.8935722024166727,0.9446296700230221,0.9191009362198475,0.9446296700230221,False,3,21584,25142,d__Bacteria;p__Bacteroidota;c__Bacteroidia;o__Bacteroidales;f__Bacteroidaceae;g__Prevotella;s__Prevotella sp002251385
10000,0.00021454623471358077,0.006711409395973154,0.00021454623471358077,0.00011932224962214622,3.0,3.0,0.0,/group/ctbrowngrp5/sourmash-db.new/gtdb-rs226/gtdb-rs226-k51.dna.rocksdb,GCA_945874325.1 uncultured Clostridium sp.,ae37efdea25c09e5f4c55754c0ba62c2,0.006711409395973154,10000,430,21650000,outputs.mapping/bams.cds.rand/SRR14369219.x.s__Prevotella sp000434975.fastq.gz,SRR14369219.x.s__Prevotella sp000434975,07a94e46,46610000,51,DNA,10000,4661,True,0.8473621035226538,0.9065431998816279,0.8769526517021409,0.9065431998816279,True,3,21587,25142,d__Bacteria;p__Bacillota;c__Clostridia;o__TANB77;f__CAG-508;g__CAG-452;s__CAG-452 sp934162925
420000,0.009010941857970392,0.0041841004184100415,0.00021454623471358077,3.977408320738207e-05,1.0,1.0,0.0,/group/ctbrowngrp5/sourmash-db.new/gtdb-rs226/gtdb-rs226-k51.dna.rocksdb,GCF_958441405.1 uncultured Prevotella sp.,bb2d8babecdd6367d0f52bca4b14791b,0.17573221757322174,10000,431,21640000,outputs.mapping/bams.cds.rand/SRR14369219.x.s__Prevotella sp000434975.fastq.gz,SRR14369219.x.s__Prevotella sp000434975,07a94e46,46610000,51,DNA,10000,4661,True,0.9117955213433188,0.9664806524436574,0.9391380868934881,0.9664806524436574,False,1,21588,25142,d__Bacteria;p__Bacteroidota;c__Bacteroidia;o__Bacteroidales;f__Bacteroidaceae;g__Prevotella;s__Prevotella pectinovora
10000,0.00021454623471358077,0.009433962264150943,0.00021454623471358077,3.977408320738207e-05,1.0,1.0,0.0,/group/ctbrowngrp5/sourmash-db.new/gtdb-rs226/gtdb-rs226-k51.dna.rocksdb,GCA_958441095.1 uncultured Bacilli bacterium,ffc83d067453e518cfb068f5d85dd0b6,0.009433962264150943,10000,432,21630000,outputs.mapping/bams.cds.rand/SRR14369219.x.s__Prevotella sp000434975.fastq.gz,SRR14369219.x.s__Prevotella sp000434975,07a94e46,46610000,51,DNA,10000,4661,True,0.8473621035226538,0.9126160876839744,0.8799890956033141,0.9126160876839744,True,1,21589,25142,d__Bacteria;p__Bacillota;c__Bacilli;o__RF39;f__UBA660;g__UMGS1271;s__UMGS1271 sp900550255
110000,0.0023600085818493884,0.0045662100456621,0.00021454623471358077,7.954816641476414e-05,2.0,2.0,0.0,/group/ctbrowngrp5/sourmash-db.new/gtdb-rs226/gtdb-rs226-k51.dna.rocksdb,GCA_022766335.1 Bacteroidales bacterium,ddf3057bffd9648b20c3f9b17ce5fcf5,0.0502283105022831,10000,433,21620000,outputs.mapping/bams.cds.rand/SRR14369219.x.s__Prevotella sp000434975.fastq.gz,SRR14369219.x.s__Prevotella sp000434975,07a94e46,46610000,51,DNA,10000,4661,True,0.8881544612160649,0.9430362850594282,0.9155953731377465,0.9430362850594282,False,2,21591,25142,d__Bacteria;p__Bacteroidota;c__Bacteroidia;o__Bacteroidales;f__Bacteroidaceae;g__Alloprevotella;s__Alloprevotella sp004552155
10000,0.00021454623471358077,0.007633587786259542,0.00021454623471358077,7.954816641476414e-05,2.0,2.0,0.0,/group/ctbrowngrp5/sourmash-db.new/gtdb-rs226/gtdb-rs226-k51.dna.rocksdb,GCA_023403375.1 Bacillota bacterium,f475eb9ff2920219ac26395a368fd1cb,0.007633587786259542,10000,434,21610000,outputs.mapping/bams.cds.rand/SRR14369219.x.s__Prevotella sp000434975.fastq.gz,SRR14369219.x.s__Prevotella sp000434975,07a94e46,46610000,51,DNA,10000,4661,True,0.8473621035226538,0.908834650149845,0.8780983768362494,0.908834650149845,True,2,21593,25142,d__Bacteria;p__Bacillota;c__Clostridia;o__Christensenellales;f__Borkfalkiaceae;g__UBA1259;s__UBA1259 sp023403375
1500000,0.03218193520703712,0.0033003300330033004,0.00021454623471358077,3.977408320738207e-05,1.0,1.0,0.0,/group/ctbrowngrp5/sourmash-db.new/gtdb-rs226/gtdb-rs226-k51.dna.rocksdb,GCA_037245605.1 Prevotella sp.,353aaa1cda432b7065b3f2af40483bc8,0.49504950495049505,10000,435,21600000,outputs.mapping/bams.cds.rand/SRR14369219.x.s__Prevotella sp000434975.fastq.gz,SRR14369219.x.s__Prevotella sp000434975,07a94e46,46610000,51,DNA,10000,4661,True,0.9348404445370639,0.9863083690949913,0.9605744068160276,0.9863083690949913,False,1,21594,25142,d__Bacteria;p__Bacteroidota;c__Bacteroidia;o__Bacteroidales;f__Bacteroidaceae;g__Prevotella;s__Prevotella sp000434975
130000,0.0027891010512765503,0.0033222591362126247,0.00021454623471358077,0.00011932224962214622,3.0,3.0,0.0,/group/ctbrowngrp5/sourmash-db.new/gtdb-rs226/gtdb-rs226-k51.dna.rocksdb,GCA_022771625.1 Prevotella sp.,f94923f2da488c81c7acffe33fea799e,0.04318936877076412,10000,436,21590000,outputs.mapping/bams.cds.rand/SRR14369219.x.s__Prevotella sp000434975.fastq.gz,SRR14369219.x.s__Prevotella sp000434975,07a94e46,46610000,51,DNA,10000,4661,True,0.8910684434513304,0.9402485740645551,0.9156585087579427,0.9402485740645551,False,3,21597,25142,d__Bacteria;p__Bacteroidota;c__Bacteroidia;o__Bacteroidales;f__Bacteroidaceae;g__Prevotella;s__Prevotella sp022771625
10000,0.00021454623471358077,0.004291845493562232,0.00021454623471358077,7.954816641476414e-05,2.0,2.0,0.0,/group/ctbrowngrp5/sourmash-db.new/gtdb-rs226/gtdb-rs226-k51.dna.rocksdb,GCA_963618855.1 bacterium,b7f42c02f58e9a729836cefc2cda65c3,0.004291845493562232,10000,437,21580000,outputs.mapping/bams.cds.rand/SRR14369219.x.s__Prevotella sp000434975.fastq.gz,SRR14369219.x.s__Prevotella sp000434975,07a94e46,46610000,51,DNA,10000,4661,True,0.8473621035226538,0.8986307105512661,0.87299640703696,0.8986307105512661,True,2,21599,25142,d__Bacteria;p__Bacillota;c__Bacilli;o__RFN20;f__CAG-288;g__Enterosoma;s__Enterosoma sp963648975
270000,0.005792748337266681,0.003278688524590164,0.00021454623471358077,3.977408320738207e-05,1.0,1.0,0.0,/group/ctbrowngrp5/sourmash-db.new/gtdb-rs226/gtdb-rs226-k51.dna.rocksdb,GCF_945948825.1 uncultured Prevotella sp.,424d5cc617ef598fd9eab14bbc229f1a,0.08852459016393442,10000,438,21570000,outputs.mapping/bams.cds.rand/SRR14369219.x.s__Prevotella sp000434975.fastq.gz,SRR14369219.x.s__Prevotella sp000434975,07a94e46,46610000,51,DNA,10000,4661,True,0.9039304020835534,0.953573546486137,0.9287519742848451,0.953573546486137,False,1,21600,25142,d__Bacteria;p__Bacteroidota;c__Bacteroidia;o__Bacteroidales;f__Bacteroidaceae;g__Prevotella;s__Prevotella sp900552515
30000,0.0006436387041407423,0.004201680672268907,0.00021454623471358077,7.954816641476414e-05,2.0,2.0,0.0,/group/ctbrowngrp5/sourmash-db.new/gtdb-rs226/gtdb-rs226-k51.dna.rocksdb,GCA_034091415.1 Bacteroidaceae bacterium,1d5d5d0599403d99882a347118e67c71,0.012605042016806723,10000,439,21560000,outputs.mapping/bams.cds.rand/SRR14369219.x.s__Prevotella sp000434975.fastq.gz,SRR14369219.x.s__Prevotella sp000434975,07a94e46,46610000,51,DNA,10000,4661,True,0.8658135054815657,0.9178163089665942,0.89181490722408,0.9178163089665942,True,2,21602,25142,d__Bacteria;p__Bacteroidota;c__Bacteroidia;o__Bacteroidales;f__Bacteroidaceae;g__Physcousia;s__Physcousia sp900766785
80000,0.0017163698777086461,0.0014619883040935672,0.00021454623471358077,3.977408320738207e-05,1.0,1.0,0.0,/group/ctbrowngrp5/sourmash-db.new/gtdb-rs226/gtdb-rs226-k51.dna.rocksdb,GCF_020256745.1 Bacteroides xylanisolvens,48ea7bd216fc5d7b050b3304abb11052,0.011695906432748537,10000,440,21550000,outputs.mapping/bams.cds.rand/SRR14369219.x.s__Prevotella sp000434975.fastq.gz,SRR14369219.x.s__Prevotella sp000434975,07a94e46,46610000,51,DNA,10000,4661,True,0.8826259338477538,0.9164701229621918,0.8995480284049728,0.9164701229621918,False,1,21603,25142,d__Bacteria;p__Bacteroidota;c__Bacteroidia;o__Bacteroidales;f__Bacteroidaceae;g__Bacteroides;s__Bacteroides xylanisolvens
10000,0.00021454623471358077,0.0032679738562091504,0.00021454623471358077,3.977408320738207e-05,1.0,1.0,0.0,/group/ctbrowngrp5/sourmash-db.new/gtdb-rs226/gtdb-rs226-k51.dna.rocksdb,GCA_016303225.1 Kiritimatiellia bacterium,21814ef7b2e746a4eee8c6223b29b420,0.0032679738562091504,10000,441,21540000,outputs.mapping/bams.cds.rand/SRR14369219.x.s__Prevotella sp000434975.fastq.gz,SRR14369219.x.s__Prevotella sp000434975,07a94e46,46610000,51,DNA,10000,4661,True,0.8473621035226538,0.8938411904895232,0.8706016470060884,0.8938411904895232,True,1,21604,25142,d__Bacteria;p__Verrucomicrobiota;c__Kiritimatiellia;o__RFP12;f__UBA1067;g__UBA1067;s__UBA1067 sp016303225
10000,0.00021454623471358077,0.0038461538461538464,0.00021454623471358077,3.977408320738207e-05,1.0,1.0,0.0,/group/ctbrowngrp5/sourmash-db.new/gtdb-rs226/gtdb-rs226-k51.dna.rocksdb,GCF_028721365.1 Flintibacter sp.,643f8e355c6e1fd2bfdb688d886c078c,0.0038461538461538464,10000,442,21530000,outputs.mapping/bams.cds.rand/SRR14369219.x.s__Prevotella sp000434975.fastq.gz,SRR14369219.x.s__Prevotella sp000434975,07a94e46,46610000,51,DNA,10000,4661,True,0.8473621035226538,0.896700849952713,0.8720314767376834,0.896700849952713,True,1,21605,25142,d__Bacteria;p__Bacillota;c__Clostridia;o__Oscillospirales;f__Oscillospiraceae;g__Lawsonibacter;s__Lawsonibacter sp000177015
360000,0.007723664449688908,0.002369668246445498,0.00021454623471358077,3.977408320738207e-05,1.0,1.0,0.0,/group/ctbrowngrp5/sourmash-db.new/gtdb-rs226/gtdb-rs226-k51.dna.rocksdb,GCF_009493995.1 Segatella copri,71f64ea4721eb6aaca09b5853c6c67e5,0.08530805687203792,10000,443,21520000,outputs.mapping/bams.cds.rand/SRR14369219.x.s__Prevotella sp000434975.fastq.gz,SRR14369219.x.s__Prevotella sp000434975,07a94e46,46610000,51,DNA,10000,4661,True,0.9090437233655035,0.9528817749051495,0.9309627491353265,0.9528817749051495,False,1,21606,25142,d__Bacteria;p__Bacteroidota;c__Bacteroidia;o__Bacteroidales;f__Bacteroidaceae;g__Prevotella;s__Prevotella copri_F
80000,0.0017163698777086461,0.0035971223021582736,0.00021454623471358077,7.954816641476414e-05,2.0,2.0,0.0,/group/ctbrowngrp5/sourmash-db.new/gtdb-rs226/gtdb-rs226-k51.dna.rocksdb,GCA_034093855.1 Prevotella sp.,322898e40c38147ed94a54a2883571ab,0.02877697841726619,10000,444,21510000,outputs.mapping/bams.cds.rand/SRR14369219.x.s__Prevotella sp000434975.fastq.gz,SRR14369219.x.s__Prevotella sp000434975,07a94e46,46610000,51,DNA,10000,4661,True,0.8826259338477538,0.9327928313803595,0.9077093826140566,0.9327928313803595,False,2,21608,25142,d__Bacteria;p__Bacteroidota;c__Bacteroidia;o__Bacteroidales;f__Bacteroidaceae;g__Prevotella;s__Prevotella sp022771625
160000,0.0034327397554172923,0.0027548209366391185,0.00021454623471358077,3.977408320738207e-05,1.0,1.0,0.0,/group/ctbrowngrp5/sourmash-db.new/gtdb-rs226/gtdb-rs226-k51.dna.rocksdb,GCA_009469585.1 Dechloromonas sp. Dech2017,13e55cb857d433bc09782aaa9b2ea519,0.0440771349862259,10000,445,21500000,outputs.mapping/bams.cds.rand/SRR14369219.x.s__Prevotella sp000434975.fastq.gz,SRR14369219.x.s__Prevotella sp000434975,07a94e46,46610000,51,DNA,10000,4661,True,0.8947036991487437,0.9406237674365098,0.9176637332926267,0.9406237674365098,False,1,21609,25142,d__Bacteria;p__Pseudomonadota;c__Gammaproteobacteria;o__Burkholderiales;f__Rhodocyclaceae;g__Azonexus;s__Azonexus sp009469585
20000,0.00042909246942716153,0.0017543859649122807,0.00021454623471358077,0.00031819266565905654,8.0,8.0,0.0,/group/ctbrowngrp5/sourmash-db.new/gtdb-rs226/gtdb-rs226-k51.dna.rocksdb,GCF_001940505.1 Serratia marcescens,012b0879bf954fd8e1e39652173822a9,0.0035087719298245615,10000,446,21490000,outputs.mapping/bams.cds.rand/SRR14369219.x.s__Prevotella sp000434975.fastq.gz,SRR14369219.x.s__Prevotella sp000434975,07a94e46,46610000,51,DNA,10000,4661,True,0.8589573220844791,0.8950881077119309,0.877022714898205,0.8950881077119309,True,8,21617,25142,d__Bacteria;p__Pseudomonadota;c__Gammaproteobacteria;o__Enterobacterales;f__Enterobacteriaceae;g__Serratia;s__Serratia nematodiphila
110000,0.0023600085818493884,0.004651162790697674,0.00021454623471358077,0.00011932224962214622,3.0,3.0,0.0,/group/ctbrowngrp5/sourmash-db.new/gtdb-rs226/gtdb-rs226-k51.dna.rocksdb,GCA_902484965.1 uncultured Prevotella sp.,c5296408cbec1e99af50c3a8736d5722,0.05116279069767442,10000,447,21480000,outputs.mapping/bams.cds.rand/SRR14369219.x.s__Prevotella sp000434975.fastq.gz,SRR14369219.x.s__Prevotella sp000434975,07a94e46,46610000,51,DNA,10000,4661,True,0.8881544612160649,0.9433772025409345,0.9157658318784997,0.9433772025409345,False,3,21620,25142,d__Bacteria;p__Bacteroidota;c__Bacteroidia;o__Bacteroidales;f__Bacteroidaceae;g__Prevotella;s__Prevotella sp900765465
290000,0.006221840806693842,0.0031446540880503146,0.00021454623471358077,7.954816641476414e-05,2.0,2.0,0.0,/group/ctbrowngrp5/sourmash-db.new/gtdb-rs226/gtdb-rs226-k51.dna.rocksdb,GCA_019409705.1 Prevotella sp.,874dd634f13f4e2b933fdff074eb05f4,0.09119496855345911,10000,448,21470000,outputs.mapping/bams.cds.rand/SRR14369219.x.s__Prevotella sp000434975.fastq.gz,SRR14369219.x.s__Prevotella sp000434975,07a94e46,46610000,51,DNA,10000,4661,True,0.9051978374615767,0.9541293867259582,0.9296636120937674,0.9541293867259582,False,2,21622,25142,d__Bacteria;p__Bacteroidota;c__Bacteroidia;o__Bacteroidales;f__Bacteroidaceae;g__Prevotella;s__Prevotella copri_B
190000,0.004076378459558035,0.0029940119760479044,0.00021454623471358077,0.00015909633282952827,4.0,4.0,0.0,/group/ctbrowngrp5/sourmash-db.new/gtdb-rs226/gtdb-rs226-k51.dna.rocksdb,GCA_022723075.1 Prevotella sp.,9ca33f39bd4b8ae7107f99e896c5750a,0.05688622754491018,10000,449,21460000,outputs.mapping/bams.cds.rand/SRR14369219.x.s__Prevotella sp000434975.fastq.gz,SRR14369219.x.s__Prevotella sp000434975,07a94e46,46610000,51,DNA,10000,4661,True,0.8977235893310339,0.9453407415522818,0.9215321654416578,0.9453407415522818,False,4,21626,25142,d__Bacteria;p__Bacteroidota;c__Bacteroidia;o__Bacteroidales;f__Bacteroidaceae;g__Prevotella;s__Prevotella hominis
10000,0.00021454623471358077,0.004291845493562232,0.00021454623471358077,3.977408320738207e-05,1.0,1.0,0.0,/group/ctbrowngrp5/sourmash-db.new/gtdb-rs226/gtdb-rs226-k51.dna.rocksdb,GCA_019415715.1 Bacteroidales bacterium,c82d42178576c7871efd30c74b669e4f,0.004291845493562232,10000,450,21450000,outputs.mapping/bams.cds.rand/SRR14369219.x.s__Prevotella sp000434975.fastq.gz,SRR14369219.x.s__Prevotella sp000434975,07a94e46,46610000,51,DNA,10000,4661,True,0.8473621035226538,0.8986307105512661,0.87299640703696,0.8986307105512661,True,1,21627,25142,d__Bacteria;p__Bacteroidota;c__Bacteroidia;o__Bacteroidales;f__Muribaculaceae;g__Sodaliphilus;s__Sodaliphilus sp934667475
60000,0.0012872774082814847,0.0038022813688212928,0.00021454623471358077,7.954816641476414e-05,2.0,2.0,0.0,/group/ctbrowngrp5/sourmash-db.new/gtdb-rs226/gtdb-rs226-k51.dna.rocksdb,GCA_034173615.1 Bacteroidaceae bacterium,82cff96b7ace05faf5fe2bf34a23b3dd,0.022813688212927757,10000,451,21440000,outputs.mapping/bams.cds.rand/SRR14369219.x.s__Prevotella sp000434975.fastq.gz,SRR14369219.x.s__Prevotella sp000434975,07a94e46,46610000,51,DNA,10000,4661,True,0.8776612111886104,0.9285552609524758,0.9031082360705431,0.9285552609524758,True,2,21629,25142,d__Bacteria;p__Bacteroidota;c__Bacteroidia;o__Bacteroidales;f__Bacteroidaceae;g__Physcousia;s__Physcousia sp900543815
20000,0.00042909246942716153,0.0033112582781456954,0.00021454623471358077,7.954816641476414e-05,2.0,2.0,0.0,/group/ctbrowngrp5/sourmash-db.new/gtdb-rs226/gtdb-rs226-k51.dna.rocksdb,GCA_002297965.1 Candidatus Segatella papionis,aaff567e091770084f996db29ae47fa3,0.006622516556291391,10000,452,21430000,outputs.mapping/bams.cds.rand/SRR14369219.x.s__Prevotella sp000434975.fastq.gz,SRR14369219.x.s__Prevotella sp000434975,07a94e46,46610000,51,DNA,10000,4661,True,0.8589573220844791,0.9063062225914459,0.8826317723379624,0.9063062225914459,True,2,21631,25142,d__Bacteria;p__Bacteroidota;c__Bacteroidia;o__Bacteroidales;f__Bacteroidaceae;g__Prevotella;s__Prevotella papionis
310000,0.006650933276121004,0.0026595744680851063,0.00021454623471358077,7.954816641476414e-05,2.0,2.0,0.0,/group/ctbrowngrp5/sourmash-db.new/gtdb-rs226/gtdb-rs226-k51.dna.rocksdb,GCA_019408985.1 Prevotella sp.,0ecca8ae489c7080492c3b43a2187a0a,0.08244680851063829,10000,453,21420000,outputs.mapping/bams.cds.rand/SRR14369219.x.s__Prevotella sp000434975.fastq.gz,SRR14369219.x.s__Prevotella sp000434975,07a94e46,46610000,51,DNA,10000,4661,True,0.906382315434073,0.9522445743543023,0.9293134448941877,0.9522445743543023,False,2,21633,25142,d__Bacteria;p__Bacteroidota;c__Bacteroidia;o__Bacteroidales;f__Bacteroidaceae;g__Prevotella;s__Prevotella sp945863825
2040000,0.04376743188157048,0.00392156862745098,0.00021454623471358077,0.00031819266565905654,8.0,8.0,0.0,/group/ctbrowngrp5/sourmash-db.new/gtdb-rs226/gtdb-rs226-k51.dna.rocksdb,GCA_004562625.1 bacterium,804476c0d2f269c97412290a93063701,0.8,10000,454,21410000,outputs.mapping/bams.cds.rand/SRR14369219.x.s__Prevotella sp000434975.fastq.gz,SRR14369219.x.s__Prevotella sp000434975,07a94e46,46610000,51,DNA,10000,4661,True,0.9404937270660001,0.9956341942077885,0.9680639606368944,0.9956341942077885,False,8,21641,25142,d__Bacteria;p__Bacteroidota;c__Bacteroidia;o__Bacteroidales;f__Bacteroidaceae;g__Prevotella;s__Prevotella sp000434975
160000,0.0034327397554172923,0.0035087719298245615,0.00021454623471358077,3.977408320738207e-05,1.0,1.0,0.0,/group/ctbrowngrp5/sourmash-db.new/gtdb-rs226/gtdb-rs226-k51.dna.rocksdb,GCA_004553805.1 Bacteroidales bacterium,12b48fd71d6091ea149ad16056958786,0.056140350877192984,10000,455,21400000,outputs.mapping/bams.cds.rand/SRR14369219.x.s__Prevotella sp000434975.fastq.gz,SRR14369219.x.s__Prevotella sp000434975,07a94e46,46610000,51,DNA,10000,4661,True,0.8947036991487437,0.945096125616979,0.9198999123828613,0.945096125616979,False,1,21642,25142,d__Bacteria;p__Bacteroidota;c__Bacteroidia;o__Bacteroidales;f__Bacteroidaceae;g__Prevotella;s__Prevotella faecis
270000,0.005792748337266681,0.0032258064516129032,0.00021454623471358077,3.977408320738207e-05,1.0,1.0,0.0,/group/ctbrowngrp5/sourmash-db.new/gtdb-rs226/gtdb-rs226-k51.dna.rocksdb,GCA_036297825.1 Segatella copri,397c1690048ede8cf80cfd2e1b9d7b13,0.08709677419354839,10000,456,21390000,outputs.mapping/bams.cds.rand/SRR14369219.x.s__Prevotella sp000434975.fastq.gz,SRR14369219.x.s__Prevotella sp000434975,07a94e46,46610000,51,DNA,10000,4661,True,0.9039304020835534,0.9532695635260694,0.9285999828048114,0.9532695635260694,False,1,21643,25142,d__Bacteria;p__Bacteroidota;c__Bacteroidia;o__Bacteroidales;f__Bacteroidaceae;g__Prevotella;s__Prevotella copri_I
150000,0.0032181935207037118,0.003115264797507788,0.00021454623471358077,0.00011932224962214622,3.0,3.0,0.0,/group/ctbrowngrp5/sourmash-db.new/gtdb-rs226/gtdb-rs226-k51.dna.rocksdb,GCA_022775745.1 Prevotella sp.,4bb355d8db22d2e84d46fa5015805069,0.04672897196261682,10000,457,21380000,outputs.mapping/bams.cds.rand/SRR14369219.x.s__Prevotella sp000434975.fastq.gz,SRR14369219.x.s__Prevotella sp000434975,07a94e46,46610000,51,DNA,10000,4661,True,0.8935722024166727,0.9417019189971866,0.9176370607069296,0.9417019189971866,False,3,21646,25142,d__Bacteria;p__Bacteroidota;c__Bacteroidia;o__Bacteroidales;f__Bacteroidaceae;g__Prevotella;s__Prevotella sp900548195
10000,0.00021454623471358077,0.005025125628140704,0.00021454623471358077,0.00011932224962214622,3.0,3.0,0.0,/group/ctbrowngrp5/sourmash-db.new/gtdb-rs226/gtdb-rs226-k51.dna.rocksdb,GCA_034179245.1 Candidatus Limisoma sp.,4a6b70eae5650311c3b2012bb8cd9de9,0.005025125628140704,10000,458,21370000,outputs.mapping/bams.cds.rand/SRR14369219.x.s__Prevotella sp000434975.fastq.gz,SRR14369219.x.s__Prevotella sp000434975,07a94e46,46610000,51,DNA,10000,4661,True,0.8473621035226538,0.9014143125831353,0.8743882080528946,0.9014143125831353,True,3,21649,25142,d__Bacteria;p__Bacteroidota;c__Bacteroidia;o__Bacteroidales;f__Muribaculaceae;g__Limisoma;s__Limisoma sp004555955
310000,0.006650933276121004,0.0028011204481792717,0.00021454623471358077,0.000517063081695967,13.0,13.0,0.0,/group/ctbrowngrp5/sourmash-db.new/gtdb-rs226/gtdb-rs226-k51.dna.rocksdb,GCA_902464455.1 uncultured Prevotella sp.,82cda80eeb3b31b6f829e0e469c65bac,0.08683473389355742,10000,459,21360000,outputs.mapping/bams.cds.rand/SRR14369219.x.s__Prevotella sp000434975.fastq.gz,SRR14369219.x.s__Prevotella sp000434975,07a94e46,46610000,51,DNA,10000,4661,True,0.906382315434073,0.9532132447936927,0.9297977801138828,0.9532132447936927,False,13,21662,25142,d__Bacteria;p__Bacteroidota;c__Bacteroidia;o__Bacteroidales;f__Bacteroidaceae;g__Prevotella;s__Prevotella sp900546535
20000,0.00042909246942716153,0.00392156862745098,0.00021454623471358077,0.0004375149152812028,11.0,11.0,0.0,/group/ctbrowngrp5/sourmash-db.new/gtdb-rs226/gtdb-rs226-k51.dna.rocksdb,GCF_033488895.1 Mitsuokella jalaludinii,3c244018b31ba4bfa6b4bcfd7b7002f1,0.00784313725490196,10000,460,21350000,outputs.mapping/bams.cds.rand/SRR14369219.x.s__Prevotella sp000434975.fastq.gz,SRR14369219.x.s__Prevotella sp000434975,07a94e46,46610000,51,DNA,10000,4661,True,0.8589573220844791,0.9093173687616155,0.8841373454230472,0.9093173687616155,True,11,21673,25142,d__Bacteria;p__Bacillota;c__Negativicutes;o__Selenomonadales;f__Selenomonadaceae;g__Mitsuokella;s__Mitsuokella jalaludinii
1300000,0.0278910105127655,0.0036101083032490976,0.00021454623471358077,7.954816641476414e-05,2.0,2.0,0.0,/group/ctbrowngrp5/sourmash-db.new/gtdb-rs226/gtdb-rs226-k51.dna.rocksdb,GCA_021634285.1 Prevotella sp.,d82987d397dca8dd8d351e8f4bb0246a,0.4693140794223827,10000,461,21340000,outputs.mapping/bams.cds.rand/SRR14369219.x.s__Prevotella sp000434975.fastq.gz,SRR14369219.x.s__Prevotella sp000434975,07a94e46,46610000,51,DNA,10000,4661,True,0.9322210533587753,0.9852764659579446,0.9587487596583599,0.9852764659579446,False,2,21675,25142,d__Bacteria;p__Bacteroidota;c__Bacteroidia;o__Bacteroidales;f__Bacteroidaceae;g__Prevotella;s__Prevotella sp000434975
350000,0.007509118214975327,0.0024390243902439024,0.00021454623471358077,7.954816641476414e-05,2.0,2.0,0.0,/group/ctbrowngrp5/sourmash-db.new/gtdb-rs226/gtdb-rs226-k51.dna.rocksdb,GCA_022743165.1 Prevotella sp.,1f73f9f85bba56f17cc6afe44bdbbf8e,0.08536585365853659,10000,462,21330000,outputs.mapping/bams.cds.rand/SRR14369219.x.s__Prevotella sp000434975.fastq.gz,SRR14369219.x.s__Prevotella sp000434975,07a94e46,46610000,51,DNA,10000,4661,True,0.9085417334147434,0.9528944292100234,0.9307180813123834,0.9528944292100234,False,2,21677,25142,d__Bacteria;p__Bacteroidota;c__Bacteroidia;o__Bacteroidales;f__Bacteroidaceae;g__Prevotella;s__Prevotella sp934191715
20000,0.00042909246942716153,0.0033783783783783786,0.00021454623471358077,3.977408320738207e-05,1.0,1.0,0.0,/group/ctbrowngrp5/sourmash-db.new/gtdb-rs226/gtdb-rs226-k51.dna.rocksdb,GCA_963592025.1 Hallerella sp.,8b7566b73f6fd23a58463f12be8bf8f8,0.006756756756756757,10000,463,21320000,outputs.mapping/bams.cds.rand/SRR14369219.x.s__Prevotella sp000434975.fastq.gz,SRR14369219.x.s__Prevotella sp000434975,07a94e46,46610000,51,DNA,10000,4661,True,0.8589573220844791,0.9066629076096819,0.8828101148470805,0.9066629076096819,True,1,21678,25142,d__Bacteria;p__Bacteroidota;c__Bacteroidia;o__Bacteroidales;f__Bacteroidaceae;g__Prevotella;s__Prevotella sp963590865
30000,0.0006436387041407423,0.0034129692832764505,0.00021454623471358077,3.977408320738207e-05,1.0,1.0,0.0,/group/ctbrowngrp5/sourmash-db.new/gtdb-rs226/gtdb-rs226-k51.dna.rocksdb,GCA_945870065.1 uncultured Prevotellaceae bacterium,9c6ae5184ae559f7566f0735bc2484e5,0.010238907849829351,10000,464,21310000,outputs.mapping/bams.cds.rand/SRR14369219.x.s__Prevotella sp000434975.fastq.gz,SRR14369219.x.s__Prevotella sp000434975,07a94e46,46610000,51,DNA,10000,4661,True,0.8658135054815657,0.9140824386962166,0.8899479720888912,0.9140824386962166,True,1,21679,25142,d__Bacteria;p__Bacteroidota;c__Bacteroidia;o__Bacteroidales;f__Bacteroidaceae;g__Prevotella;s__Prevotella sp945941025
20000,0.00042909246942716153,0.003703703703703704,0.00021454623471358077,3.977408320738207e-05,1.0,1.0,0.0,/group/ctbrowngrp5/sourmash-db.new/gtdb-rs226/gtdb-rs226-k51.dna.rocksdb,GCF_023347295.1 Faecalibacterium sp. I3-3-33,3b6cf553b824e515e9cd45240064d4e7,0.007407407407407408,10000,465,21300000,outputs.mapping/bams.cds.rand/SRR14369219.x.s__Prevotella sp000434975.fastq.gz,SRR14369219.x.s__Prevotella sp000434975,07a94e46,46610000,51,DNA,10000,4661,True,0.8589573220844791,0.9082988192772692,0.8836280706808741,0.9082988192772692,True,1,21680,25142,d__Bacteria;p__Bacillota;c__Clostridia;o__Oscillospirales;f__Ruminococcaceae;g__Faecalibacterium;s__Faecalibacterium sp003449675
110000,0.0023600085818493884,0.003003003003003003,0.00021454623471358077,7.954816641476414e-05,2.0,2.0,0.0,/group/ctbrowngrp5/sourmash-db.new/gtdb-rs226/gtdb-rs226-k51.dna.rocksdb,GCA_937968095.1 uncultured Prevotella sp.,d988b8856ca861ffd4261c0ec93aa8f4,0.03303303303303303,10000,466,21290000,outputs.mapping/bams.cds.rand/SRR14369219.x.s__Prevotella sp000434975.fastq.gz,SRR14369219.x.s__Prevotella sp000434975,07a94e46,46610000,51,DNA,10000,4661,True,0.8881544612160649,0.9353190363993924,0.9117367488077286,0.9353190363993924,False,2,21682,25142,d__Bacteria;p__Bacteroidota;c__Bacteroidia;o__Bacteroidales;f__Bacteroidaceae;g__Prevotella;s__Prevotella faecis
280000,0.006007294571980262,0.0030959752321981426,0.00021454623471358077,3.977408320738207e-05,1.0,1.0,0.0,/group/ctbrowngrp5/sourmash-db.new/gtdb-rs226/gtdb-rs226-k51.dna.rocksdb,GCA_036847975.1 Bacteroidaceae bacterium,a53b3dc871c6c7efd82f6ce21b0823b3,0.08668730650154799,10000,467,21280000,outputs.mapping/bams.cds.rand/SRR14369219.x.s__Prevotella sp000434975.fastq.gz,SRR14369219.x.s__Prevotella sp000434975,07a94e46,46610000,51,DNA,10000,4661,True,0.9045752166525355,0.9531814858320729,0.9288783512423042,0.9531814858320729,False,1,21683,25142,d__Bacteria;p__Bacteroidota;c__Bacteroidia;o__Bacteroidales;f__Bacteroidaceae;g__Prevotella;s__Prevotella copri_B
160000,0.0034327397554172923,0.0036900369003690036,0.00021454623471358077,7.954816641476414e-05,2.0,2.0,0.0,/group/ctbrowngrp5/sourmash-db.new/gtdb-rs226/gtdb-rs226-k51.dna.rocksdb,GCA_022009815.1 Bacteroidales bacterium,f8f606b936421a86c4d2bce36b637367,0.05904059040590406,10000,468,21270000,outputs.mapping/bams.cds.rand/SRR14369219.x.s__Prevotella sp000434975.fastq.gz,SRR14369219.x.s__Prevotella sp000434975,07a94e46,46610000,51,DNA,10000,4661,True,0.8947036991487437,0.9460300147895168,0.9203668569691302,0.9460300147895168,False,2,21685,25142,d__Bacteria;p__Bacteroidota;c__Bacteroidia;o__Bacteroidales;f__Muribaculaceae;g__Limisoma;s__Limisoma sp000437795
80000,0.0017163698777086461,0.003676470588235294,0.00021454623471358077,3.977408320738207e-05,1.0,1.0,0.0,/group/ctbrowngrp5/sourmash-db.new/gtdb-rs226/gtdb-rs226-k51.dna.rocksdb,GCA_947163865.1 uncultured Prevotella sp.,18fccd7806ab7af469acb2d3af29639e,0.029411764705882353,10000,469,21260000,outputs.mapping/bams.cds.rand/SRR14369219.x.s__Prevotella sp000434975.fastq.gz,SRR14369219.x.s__Prevotella sp000434975,07a94e46,46610000,51,DNA,10000,4661,True,0.8826259338477538,0.9331919883470096,0.9079089610973816,0.9331919883470096,False,1,21686,25142,d__Bacteria;p__Bacteroidota;c__Bacteroidia;o__Bacteroidales;f__Bacteroidaceae;g__Prevotella;s__Prevotella sp900322035
90000,0.001930916112422227,0.004098360655737705,0.00021454623471358077,0.00011932224962214622,3.0,3.0,0.0,/group/ctbrowngrp5/sourmash-db.new/gtdb-rs226/gtdb-rs226-k51.dna.rocksdb,GCA_034171545.1 Alloprevotella sp.,5fad1f17a6844cbede82d0659df8aa95,0.036885245901639344,10000,470,21250000,outputs.mapping/bams.cds.rand/SRR14369219.x.s__Prevotella sp000434975.fastq.gz,SRR14369219.x.s__Prevotella sp000434975,07a94e46,46610000,51,DNA,10000,4661,True,0.8846666887248115,0.9373441476998047,0.9110054182123081,0.9373441476998047,False,3,21689,25142,d__Bacteria;p__Bacteroidota;c__Bacteroidia;o__Bacteroidales;f__Bacteroidaceae;g__Alloprevotella;s__Alloprevotella sp004552155
180000,0.003861832224844454,0.0045662100456621,0.00021454623471358077,0.00047728899848858487,12.0,12.0,0.0,/group/ctbrowngrp5/sourmash-db.new/gtdb-rs226/gtdb-rs226-k51.dna.rocksdb,GCA_037238875.1 Prevotella sp.,1bdbc13f457697442464063e70f403a7,0.0821917808219178,10000,471,21240000,outputs.mapping/bams.cds.rand/SRR14369219.x.s__Prevotella sp000434975.fastq.gz,SRR14369219.x.s__Prevotella sp000434975,07a94e46,46610000,51,DNA,10000,4661,True,0.8967723795121221,0.952186731304704,0.9244795554084131,0.952186731304704,False,12,21701,25142,d__Bacteria;p__Bacteroidota;c__Bacteroidia;o__Bacteroidales;f__Bacteroidaceae;g__Prevotella;s__Prevotella sp002299635
10000,0.00021454623471358077,0.005208333333333333,0.00021454623471358077,0.00019887041603691035,5.0,5.0,0.0,/group/ctbrowngrp5/sourmash-db.new/gtdb-rs226/gtdb-rs226-k51.dna.rocksdb,GCA_034180315.1 Faecousia sp.,66fb2990610e7e797049cc77b7be92f0,0.005208333333333333,10000,472,21230000,outputs.mapping/bams.cds.rand/SRR14369219.x.s__Prevotella sp000434975.fastq.gz,SRR14369219.x.s__Prevotella sp000434975,07a94e46,46610000,51,DNA,10000,4661,True,0.8473621035226538,0.9020474594102066,0.8747047814664302,0.9020474594102066,True,5,21706,25142,d__Bacteria;p__Bacillota;c__Clostridia;o__Oscillospirales;f__Oscillospiraceae;g__Faecousia;s__Faecousia sp945963595
190000,0.004076378459558035,0.003205128205128205,0.00021454623471358077,3.977408320738207e-05,1.0,1.0,0.0,/group/ctbrowngrp5/sourmash-db.new/gtdb-rs226/gtdb-rs226-k51.dna.rocksdb,GCA_945910485.1 uncultured Prevotella sp.,36933c74a2e45c1b3a9b5bf2d5c4d827,0.060897435897435896,10000,473,21220000,outputs.mapping/bams.cds.rand/SRR14369219.x.s__Prevotella sp000434975.fastq.gz,SRR14369219.x.s__Prevotella sp000434975,07a94e46,46610000,51,DNA,10000,4661,True,0.8977235893310339,0.9466045943317699,0.9221640918314019,0.9466045943317699,False,1,21707,25142,d__Bacteria;p__Bacteroidota;c__Bacteroidia;o__Bacteroidales;f__Bacteroidaceae;g__Prevotella;s__Prevotella sp000436035
10000,0.00021454623471358077,0.004739336492890996,0.00021454623471358077,0.00015909633282952827,4.0,4.0,0.0,/group/ctbrowngrp5/sourmash-db.new/gtdb-rs226/gtdb-rs226-k51.dna.rocksdb,GCA_034117925.1 Dysosmobacter sp.,39d0b2233a16ec24dd850a0e8ff9a085,0.004739336492890996,10000,474,21210000,outputs.mapping/bams.cds.rand/SRR14369219.x.s__Prevotella sp000434975.fastq.gz,SRR14369219.x.s__Prevotella sp000434975,07a94e46,46610000,51,DNA,10000,4661,True,0.8473621035226538,0.900379988990409,0.8738710462565314,0.900379988990409,True,4,21711,25142,d__Bacteria;p__Bacillota;c__Clostridia;o__Oscillospirales;f__Oscillospiraceae;g__Oscillibacter;s__Oscillibacter sp900763685
250000,0.005363655867839519,0.004329004329004329,0.00021454623471358077,7.954816641476414e-05,2.0,2.0,0.0,/group/ctbrowngrp5/sourmash-db.new/gtdb-rs226/gtdb-rs226-k51.dna.rocksdb,GCA_022772365.1 Prevotella sp.,a8ae0723169805dc61f714c394241670,0.10822510822510822,10000,475,21200000,outputs.mapping/bams.cds.rand/SRR14369219.x.s__Prevotella sp000434975.fastq.gz,SRR14369219.x.s__Prevotella sp000434975,07a94e46,46610000,51,DNA,10000,4661,True,0.9025673636279066,0.9573379065056008,0.9299526350667537,0.9573379065056008,False,2,21713,25142,d__Bacteria;p__Bacteroidota;c__Bacteroidia;o__Bacteroidales;f__Bacteroidaceae;g__Prevotella;s__Prevotella sp022788105
30000,0.0006436387041407423,0.0036231884057971015,0.00021454623471358077,7.954816641476414e-05,2.0,2.0,0.0,/group/ctbrowngrp5/sourmash-db.new/gtdb-rs226/gtdb-rs226-k51.dna.rocksdb,GCA_958441445.1 uncultured Prevotellaceae bacterium,4c9927626caf9cc2c093442c1dc6d173,0.010869565217391304,10000,476,21190000,outputs.mapping/bams.cds.rand/SRR14369219.x.s__Prevotella sp000434975.fastq.gz,SRR14369219.x.s__Prevotella sp000434975,07a94e46,46610000,51,DNA,10000,4661,True,0.8658135054815657,0.9151543667379227,0.8904839361097442,0.9151543667379227,True,2,21715,25142,d__Bacteria;p__Bacteroidota;c__Bacteroidia;o__Bacteroidales;f__Muribaculaceae;g__CAG-1031;s__CAG-1031 sp000431215
520000,0.011156404205106201,0.003355704697986577,0.00021454623471358077,3.977408320738207e-05,1.0,1.0,0.0,/group/ctbrowngrp5/sourmash-db.new/gtdb-rs226/gtdb-rs226-k51.dna.rocksdb,GCF_902469065.1 uncultured Prevotella sp.,a3a4f7e0c6ac4e3fbcf165419ed2d3e5,0.174496644295302,10000,477,21180000,outputs.mapping/bams.cds.rand/SRR14369219.x.s__Prevotella sp000434975.fastq.gz,SRR14369219.x.s__Prevotella sp000434975,07a94e46,46610000,51,DNA,10000,4661,True,0.9156218787621488,0.9663469493924755,0.9409844140773121,0.9663469493924755,False,1,21716,25142,d__Bacteria;p__Bacteroidota;c__Bacteroidia;o__Bacteroidales;f__Bacteroidaceae;g__Prevotella;s__Prevotella pectinovora
10000,0.00021454623471358077,0.00273224043715847,0.00021454623471358077,0.00015909633282952827,4.0,4.0,0.0,/group/ctbrowngrp5/sourmash-db.new/gtdb-rs226/gtdb-rs226-k51.dna.rocksdb,GCA_015061665.1 Lentisphaerota bacterium,e9b9d1c2ec88a33d6918f7b631103eb6,0.00273224043715847,10000,478,21170000,outputs.mapping/bams.cds.rand/SRR14369219.x.s__Prevotella sp000434975.fastq.gz,SRR14369219.x.s__Prevotella sp000434975,07a94e46,46610000,51,DNA,10000,4661,True,0.8473621035226538,0.8907086398730959,0.8690353716978749,0.8907086398730959,True,4,21720,25142,d__Bacteria;p__Verrucomicrobiota;c__Kiritimatiellia;o__RFP12;f__UBA1067;g__UBA1067;s__UBA1067 sp015061665
360000,0.007723664449688908,0.0049504950495049506,0.00021454623471358077,7.954816641476414e-05,2.0,2.0,0.0,/group/ctbrowngrp5/sourmash-db.new/gtdb-rs226/gtdb-rs226-k51.dna.rocksdb,GCA_945872465.1 uncultured Prevotella sp.,4f1632935cc27a0364e71291740c1f18,0.1782178217821782,10000,479,21160000,outputs.mapping/bams.cds.rand/SRR14369219.x.s__Prevotella sp000434975.fastq.gz,SRR14369219.x.s__Prevotella sp000434975,07a94e46,46610000,51,DNA,10000,4661,True,0.9090437233655035,0.9667468535994564,0.93789528848248,0.9667468535994564,False,2,21722,25142,d__Bacteria;p__Bacteroidota;c__Bacteroidia;o__Bacteroidales;f__Bacteroidaceae;g__Prevotella;s__Prevotella pectinovora
360000,0.007723664449688908,0.002183406113537118,0.00021454623471358077,3.977408320738207e-05,1.0,1.0,0.0,/group/ctbrowngrp5/sourmash-db.new/gtdb-rs226/gtdb-rs226-k51.dna.rocksdb,GCF_009493895.1 Segatella copri,72efed8b6d1372ec0e8d71761c946422,0.07860262008733625,10000,480,21150000,outputs.mapping/bams.cds.rand/SRR14369219.x.s__Prevotella sp000434975.fastq.gz,SRR14369219.x.s__Prevotella sp000434975,07a94e46,46610000,51,DNA,10000,4661,True,0.9090437233655035,0.9513534608613501,0.9301985921134268,0.9513534608613501,False,1,21723,25142,d__Bacteria;p__Bacteroidota;c__Bacteroidia;o__Bacteroidales;f__Bacteroidaceae;g__Prevotella;s__Prevotella sp022741625
140000,0.003003647285990131,0.0037313432835820895,0.00021454623471358077,3.977408320738207e-05,1.0,1.0,0.0,/group/ctbrowngrp5/sourmash-db.new/gtdb-rs226/gtdb-rs226-k51.dna.rocksdb,GCA_028872355.1 Prevotella sp.,b7ba11b656cc7b372b87af83a9222119,0.05223880597014925,10000,481,21140000,outputs.mapping/bams.cds.rand/SRR14369219.x.s__Prevotella sp000434975.fastq.gz,SRR14369219.x.s__Prevotella sp000434975,07a94e46,46610000,51,DNA,10000,4661,True,0.8923641939707068,0.943762273427691,0.918063233699199,0.943762273427691,False,1,21724,25142,d__Bacteria;p__Bacteroidota;c__Bacteroidia;o__Bacteroidales;f__Bacteroidaceae;g__Prevotella;s__Prevotella sp900548195
270000,0.005792748337266681,0.0030303030303030303,0.00021454623471358077,3.977408320738207e-05,1.0,1.0,0.0,/group/ctbrowngrp5/sourmash-db.new/gtdb-rs226/gtdb-rs226-k51.dna.rocksdb,GCF_026015625.1 Segatella copri,6f0b874dbb39ad0c4bb086efc734edea,0.08181818181818182,10000,482,21130000,outputs.mapping/bams.cds.rand/SRR14369219.x.s__Prevotella sp000434975.fastq.gz,SRR14369219.x.s__Prevotella sp000434975,07a94e46,46610000,51,DNA,10000,4661,True,0.9039304020835534,0.9521016765143939,0.9280160392989736,0.9521016765143939,False,1,21725,25142,d__Bacteria;p__Bacteroidota;c__Bacteroidia;o__Bacteroidales;f__Bacteroidaceae;g__Prevotella;s__Prevotella copri_H
10000,0.00021454623471358077,0.0030864197530864196,0.00021454623471358077,3.977408320738207e-05,1.0,1.0,0.0,/group/ctbrowngrp5/sourmash-db.new/gtdb-rs226/gtdb-rs226-k51.dna.rocksdb,GCA_963637175.1 Ruminococcus bovis,7c142858c33ca812e001ef0e22de2ca4,0.0030864197530864196,10000,483,21120000,outputs.mapping/bams.cds.rand/SRR14369219.x.s__Prevotella sp000434975.fastq.gz,SRR14369219.x.s__Prevotella sp000434975,07a94e46,46610000,51,DNA,10000,4661,True,0.8473621035226538,0.8928399762656044,0.8701010398941291,0.8928399762656044,True,1,21726,25142,d__Bacteria;p__Bacteroidota;c__Bacteroidia;o__Bacteroidales;f__Bacteroidaceae;g__Phocaeicola;s__Phocaeicola sp000434735
30000,0.0006436387041407423,0.0015037593984962407,0.00021454623471358077,0.00011932224962214622,3.0,3.0,0.0,/group/ctbrowngrp5/sourmash-db.new/gtdb-rs226/gtdb-rs226-k51.dna.rocksdb,GCA_034133165.1 Bacteroides ovatus,df64e54ae2ce9a40ad9aede10e7ff5b7,0.004511278195488722,10000,484,21110000,outputs.mapping/bams.cds.rand/SRR14369219.x.s__Prevotella sp000434975.fastq.gz,SRR14369219.x.s__Prevotella sp000434975,07a94e46,46610000,51,DNA,10000,4661,True,0.8658135054815657,0.8995097491015877,0.8826616272915766,0.8995097491015877,True,3,21729,25142,d__Bacteria;p__Bacteroidota;c__Bacteroidia;o__Bacteroidales;f__Bacteroidaceae;g__Bacteroides;s__Bacteroides ovatus
310000,0.006650933276121004,0.003952569169960474,0.00021454623471358077,3.977408320738207e-05,1.0,1.0,0.0,/group/ctbrowngrp5/sourmash-db.new/gtdb-rs226/gtdb-rs226-k51.dna.rocksdb,GCA_946405375.1 uncultured Prevotella sp.,372f96e7027d29f73a09939680e169cb,0.1225296442687747,10000,485,21100000,outputs.mapping/bams.cds.rand/SRR14369219.x.s__Prevotella sp000434975.fastq.gz,SRR14369219.x.s__Prevotella sp000434975,07a94e46,46610000,51,DNA,10000,4661,True,0.906382315434073,0.9596710104796943,0.9330266629568836,0.9596710104796943,False,1,21730,25142,d__Bacteria;p__Bacteroidota;c__Bacteroidia;o__Bacteroidales;f__Bacteroidaceae;g__Prevotella;s__Prevotella sp900546535
10000,0.00021454623471358077,0.004878048780487805,0.00021454623471358077,7.954816641476414e-05,2.0,2.0,0.0,/group/ctbrowngrp5/sourmash-db.new/gtdb-rs226/gtdb-rs226-k51.dna.rocksdb,GCA_004556465.1 Clostridiales bacterium,7363bcc4f930e2155426f2b1bccd8ab3,0.004878048780487805,10000,486,21090000,outputs.mapping/bams.cds.rand/SRR14369219.x.s__Prevotella sp000434975.fastq.gz,SRR14369219.x.s__Prevotella sp000434975,07a94e46,46610000,51,DNA,10000,4661,True,0.8473621035226538,0.9008894330777228,0.8741257683001884,0.9008894330777228,True,2,21732,25142,d__Bacteria;p__Bacillota;c__Clostridia;o__Christensenellales;f__CAG-138;g__PeH17;s__PeH17 sp000435055
460000,0.009869126796824716,0.003125,0.00021454623471358077,0.0003579667488664386,9.0,9.0,0.0,/group/ctbrowngrp5/sourmash-db.new/gtdb-rs226/gtdb-rs226-k51.dna.rocksdb,GCA_958454265.1 uncultured Prevotella sp.,5a1e97a674d49adb6d917e356d88088e,0.14375,10000,487,21080000,outputs.mapping/bams.cds.rand/SRR14369219.x.s__Prevotella sp000434975.fastq.gz,SRR14369219.x.s__Prevotella sp000434975,07a94e46,46610000,51,DNA,10000,4661,True,0.9134233974867922,0.9626812360802135,0.9380523167835029,0.9626812360802135,False,9,21741,25142,d__Bacteria;p__Bacteroidota;c__Bacteroidia;o__Bacteroidales;f__Bacteroidaceae;g__Prevotella;s__Prevotella sp900313215
90000,0.001930916112422227,0.003745318352059925,0.00021454623471358077,3.977408320738207e-05,1.0,1.0,0.0,/group/ctbrowngrp5/sourmash-db.new/gtdb-rs226/gtdb-rs226-k51.dna.rocksdb,GCA_004557565.1 Bacteroidales bacterium,2889ae6653fed7cd7852af14b065cd6c,0.033707865168539325,10000,488,21070000,outputs.mapping/bams.cds.rand/SRR14369219.x.s__Prevotella sp000434975.fastq.gz,SRR14369219.x.s__Prevotella sp000434975,07a94e46,46610000,51,DNA,10000,4661,True,0.8846666887248115,0.9356899939464804,0.9101783413356459,0.9356899939464804,False,1,21742,25142,d__Bacteria;p__Bacteroidota;c__Bacteroidia;o__Bacteroidales;f__Muribaculaceae;g__Sodaliphilus;s__Sodaliphilus sp004557565
10000,0.00021454623471358077,0.003289473684210526,0.00021454623471358077,0.00011932224962214622,3.0,3.0,0.0,/group/ctbrowngrp5/sourmash-db.new/gtdb-rs226/gtdb-rs226-k51.dna.rocksdb,GCF_037064655.1 Clostridium baratii,17c3e4ea900c9026bf764d4922a7f5b1,0.003289473684210526,10000,489,21060000,outputs.mapping/bams.cds.rand/SRR14369219.x.s__Prevotella sp000434975.fastq.gz,SRR14369219.x.s__Prevotella sp000434975,07a94e46,46610000,51,DNA,10000,4661,True,0.8473621035226538,0.8939561248334033,0.8706591141780285,0.8939561248334033,True,3,21745,25142,d__Bacteria;p__Bacillota;c__Clostridia;o__Clostridiales;f__Clostridiaceae;g__Clostridium;s__Clostridium nitritogenes
180000,0.003861832224844454,0.0035842293906810036,0.00021454623471358077,0.000517063081695967,13.0,13.0,0.0,/group/ctbrowngrp5/sourmash-db.new/gtdb-rs226/gtdb-rs226-k51.dna.rocksdb,GCA_934229875.1 uncultured Prevotella sp.,ded80bfa11ca439ebe012a0c55b11200,0.06451612903225806,10000,490,21050000,outputs.mapping/bams.cds.rand/SRR14369219.x.s__Prevotella sp000434975.fastq.gz,SRR14369219.x.s__Prevotella sp000434975,07a94e46,46610000,51,DNA,10000,4661,True,0.8967723795121221,0.9476766122396355,0.9222244958758787,0.9476766122396355,False,13,21758,25142,d__Bacteria;p__Bacteroidota;c__Bacteroidia;o__Bacteroidales;f__Bacteroidaceae;g__Prevotella;s__Prevotella sp900556795
2220000,0.04762926410641493,0.004201680672268907,0.00021454623471358077,0.00011932224962214622,3.0,3.0,0.0,/group/ctbrowngrp5/sourmash-db.new/gtdb-rs226/gtdb-rs226-k51.dna.rocksdb,GCA_945494815.1 uncultured Bacteroidales bacterium,26135a0d680ae0ed71768fb0fb2f13a2,0.9327731092436975,10000,491,21040000,outputs.mapping/bams.cds.rand/SRR14369219.x.s__Prevotella sp000434975.fastq.gz,SRR14369219.x.s__Prevotella sp000434975,07a94e46,46610000,51,DNA,10000,4661,True,0.9420543477677644,0.9986363562592303,0.9703453520134974,0.9986363562592303,False,3,21761,25142,d__Bacteria;p__Bacteroidota;c__Bacteroidia;o__Bacteroidales;f__Bacteroidaceae;g__Prevotella;s__Prevotella sp000434975
10000,0.00021454623471358077,0.0019157088122605363,0.00021454623471358077,7.954816641476414e-05,2.0,2.0,0.0,/group/ctbrowngrp5/sourmash-db.new/gtdb-rs226/gtdb-rs226-k51.dna.rocksdb,GCA_016709845.1 Flammeovirgaceae bacterium,413cae90e0465009c67d61df9e9d3eab,0.0019157088122605363,10000,492,21030000,outputs.mapping/bams.cds.rand/SRR14369219.x.s__Prevotella sp000434975.fastq.gz,SRR14369219.x.s__Prevotella sp000434975,07a94e46,46610000,51,DNA,10000,4661,True,0.8473621035226538,0.8845295436018308,0.8659458235622424,0.8845295436018308,True,2,21763,25142,d__Bacteria;p__Bacteroidota;c__Bacteroidia;o__Cytophagales;f__Cyclobacteriaceae;g__ELB16-189;s__ELB16-189 sp016709845
40000,0.0008581849388543231,0.004784688995215311,0.00021454623471358077,3.977408320738207e-05,1.0,1.0,0.0,/group/ctbrowngrp5/sourmash-db.new/gtdb-rs226/gtdb-rs226-k51.dna.rocksdb,GCA_902493355.1 uncultured Prevotellaceae bacterium,867343d1d8f01395ffc63dd26555c04a,0.019138755980861243,10000,493,21020000,outputs.mapping/bams.cds.rand/SRR14369219.x.s__Prevotella sp000434975.fastq.gz,SRR14369219.x.s__Prevotella sp000434975,07a94e46,46610000,51,DNA,10000,4661,True,0.8707112084613239,0.9253627930836159,0.8980370007724698,0.9253627930836159,True,1,21764,25142,d__Bacteria;p__Bacteroidota;c__Bacteroidia;o__Bacteroidales;f__Bacteroidaceae;g__UBA6398;s__UBA6398 sp003150315
10000,0.00021454623471358077,0.0033003300330033004,0.00021454623471358077,7.954816641476414e-05,2.0,2.0,0.0,/group/ctbrowngrp5/sourmash-db.new/gtdb-rs226/gtdb-rs226-k51.dna.rocksdb,GCA_963635555.1 bacterium,88c44f56215f6456acbf6b5e673bb136,0.0033003300330033004,10000,494,21010000,outputs.mapping/bams.cds.rand/SRR14369219.x.s__Prevotella sp000434975.fastq.gz,SRR14369219.x.s__Prevotella sp000434975,07a94e46,46610000,51,DNA,10000,4661,True,0.8473621035226538,0.8940138814513969,0.8706879924870254,0.8940138814513969,True,2,21766,25142,d__Bacteria;p__Bacillota;c__Clostridia;o__Oscillospirales;f__Acutalibacteraceae;g__Eubacterium_R;s__Eubacterium_R sp900539325
20000,0.00042909246942716153,0.0029585798816568047,0.00021454623471358077,3.977408320738207e-05,1.0,1.0,0.0,/group/ctbrowngrp5/sourmash-db.new/gtdb-rs226/gtdb-rs226-k51.dna.rocksdb,GCA_958414075.1 uncultured bacterium,74b015c4ec8cdcabb4c447e9d52abcfa,0.005917159763313609,10000,495,21000000,outputs.mapping/bams.cds.rand/SRR14369219.x.s__Prevotella sp000434975.fastq.gz,SRR14369219.x.s__Prevotella sp000434975,07a94e46,46610000,51,DNA,10000,4661,True,0.8589573220844791,0.9043071131825837,0.8816322176335314,0.9043071131825837,True,1,21767,25142,d__Bacteria;p__Verrucomicrobiota;c__Kiritimatiellia;o__RFP12;f__UBA1067;g__RUG572;s__RUG572 sp900547945
10000,0.00021454623471358077,0.0045662100456621,0.00021454623471358077,0.00019887041603691035,5.0,5.0,0.0,/group/ctbrowngrp5/sourmash-db.new/gtdb-rs226/gtdb-rs226-k51.dna.rocksdb,GCA_029218845.1 Clostridia bacterium,44407645c47400f97af3f80fe3ddec10,0.0045662100456621,10000,496,20990000,outputs.mapping/bams.cds.rand/SRR14369219.x.s__Prevotella sp000434975.fastq.gz,SRR14369219.x.s__Prevotella sp000434975,07a94e46,46610000,51,DNA,10000,4661,True,0.8473621035226538,0.8997232408336094,0.8735426721781316,0.8997232408336094,True,5,21772,25142,d__Bacteria;p__Bacillota;c__Clostridia;o__Lachnospirales;f__Lachnospiraceae;g__Lachnospira;s__Lachnospira sp945946665
10000,0.00021454623471358077,0.007936507936507936,0.00021454623471358077,3.977408320738207e-05,1.0,1.0,0.0,/group/ctbrowngrp5/sourmash-db.new/gtdb-rs226/gtdb-rs226-k51.dna.rocksdb,GCA_934148995.1 uncultured Bacilli bacterium,e180cea86d895b54bf0b9cc0737d48fe,0.007936507936507936,10000,497,20980000,outputs.mapping/bams.cds.rand/SRR14369219.x.s__Prevotella sp000434975.fastq.gz,SRR14369219.x.s__Prevotella sp000434975,07a94e46,46610000,51,DNA,10000,4661,True,0.8473621035226538,0.9095283986940155,0.8784452511083347,0.9095283986940155,True,1,21773,25142,d__Bacteria;p__Bacillota;c__Bacilli;o__RF39;f__UBA660;g__Onthousia;s__Onthousia sp934148995
20000,0.00042909246942716153,0.004830917874396135,0.00021454623471358077,7.954816641476414e-05,2.0,2.0,0.0,/group/ctbrowngrp5/sourmash-db.new/gtdb-rs226/gtdb-rs226-k51.dna.rocksdb,GCA_946402825.1 uncultured Prevotellaceae bacterium,5891acd4f1165004f69a9bda6af1473d,0.00966183574879227,10000,498,20970000,outputs.mapping/bams.cds.rand/SRR14369219.x.s__Prevotella sp000434975.fastq.gz,SRR14369219.x.s__Prevotella sp000434975,07a94e46,46610000,51,DNA,10000,4661,True,0.8589573220844791,0.9130432826867383,0.8860003023856087,0.9130432826867383,True,2,21775,25142,d__Bacteria;p__Bacteroidota;c__Bacteroidia;o__Bacteroidales;f__Bacteroidaceae;g__Prevotella;s__Prevotella sp022773825
10000,0.00021454623471358077,0.005128205128205128,0.00021454623471358077,7.954816641476414e-05,2.0,2.0,0.0,/group/ctbrowngrp5/sourmash-db.new/gtdb-rs226/gtdb-rs226-k51.dna.rocksdb,GCA_017561205.1 Oscillospiraceae bacterium,15f513691b46e4e4718ccdaacc55b5d9,0.005128205128205128,10000,499,20960000,outputs.mapping/bams.cds.rand/SRR14369219.x.s__Prevotella sp000434975.fastq.gz,SRR14369219.x.s__Prevotella sp000434975,07a94e46,46610000,51,DNA,10000,4661,True,0.8473621035226538,0.9017732753618344,0.8745676894422441,0.9017732753618344,True,2,21777,25142,d__Bacteria;p__Bacillota;c__Clostridia;o__Oscillospirales;f__Oscillospiraceae;g__Faecousia;s__Faecousia sp017561205
2350000,0.050418365157691485,0.0035211267605633804,0.00021454623471358077,0.00011932224962214622,3.0,3.0,0.0,/group/ctbrowngrp5/sourmash-db.new/gtdb-rs226/gtdb-rs226-k51.dna.rocksdb,GCA_958447005.1 uncultured Bacteroidales bacterium,0c7cb7a6309c787a0850a8c84264fd57,0.8274647887323944,10000,500,20950000,outputs.mapping/bams.cds.rand/SRR14369219.x.s__Prevotella sp000434975.fastq.gz,SRR14369219.x.s__Prevotella sp000434975,07a94e46,46610000,51,DNA,10000,4661,True,0.9431061217895673,0.9962933821379212,0.9696997519637442,0.9962933821379212,False,3,21780,25142,d__Bacteria;p__Bacteroidota;c__Bacteroidia;o__Bacteroidales;f__Bacteroidaceae;g__Prevotella;s__Prevotella sp000434975
10000,0.00021454623471358077,0.0049261083743842365,0.00021454623471358077,0.00011932224962214622,3.0,3.0,0.0,/group/ctbrowngrp5/sourmash-db.new/gtdb-rs226/gtdb-rs226-k51.dna.rocksdb,GCA_004556505.1 Clostridiales bacterium,1ae01351d3f6070e25485e2d2fa669de,0.0049261083743842365,10000,501,20940000,outputs.mapping/bams.cds.rand/SRR14369219.x.s__Prevotella sp000434975.fastq.gz,SRR14369219.x.s__Prevotella sp000434975,07a94e46,46610000,51,DNA,10000,4661,True,0.8473621035226538,0.9010626324715498,0.8742123679971019,0.9010626324715498,True,3,21783,25142,d__Bacteria;p__Bacillota;c__Clostridia;o__Oscillospirales;f__Oscillospiraceae;g__Vescimonas;s__Vescimonas cirricatena
10000,0.00021454623471358077,0.0031446540880503146,0.00021454623471358077,0.00019887041603691035,5.0,5.0,0.0,/group/ctbrowngrp5/sourmash-db.new/gtdb-rs226/gtdb-rs226-k51.dna.rocksdb,GCF_009696465.1 Inconstantimicrobium porci,e275542b2fc3aa242d28b29a2285f96f,0.0031446540880503146,10000,502,20930000,outputs.mapping/bams.cds.rand/SRR14369219.x.s__Prevotella sp000434975.fastq.gz,SRR14369219.x.s__Prevotella sp000434975,07a94e46,46610000,51,DNA,10000,4661,True,0.8473621035226538,0.8931672731743641,0.870264688348509,0.8931672731743641,True,5,21788,25142,d__Bacteria;p__Bacillota;c__Clostridia;o__Clostridiales;f__Clostridiaceae;g__Inconstantimicrobium;s__Inconstantimicrobium porci
140000,0.003003647285990131,0.00390625,0.00021454623471358077,7.954816641476414e-05,2.0,2.0,0.0,/group/ctbrowngrp5/sourmash-db.new/gtdb-rs226/gtdb-rs226-k51.dna.rocksdb,GCA_021625525.1 Prevotella sp.,4827fbed8f2317c30aeb4533da32bc78,0.0546875,10000,503,20920000,outputs.mapping/bams.cds.rand/SRR14369219.x.s__Prevotella sp000434975.fastq.gz,SRR14369219.x.s__Prevotella sp000434975,07a94e46,46610000,51,DNA,10000,4661,True,0.8923641939707068,0.9446103662577111,0.918487280114209,0.9446103662577111,False,2,21790,25142,d__Bacteria;p__Bacteroidota;c__Bacteroidia;o__Bacteroidales;f__Bacteroidaceae;g__Prevotella;s__Prevotella sp002251385
100000,0.002145462347135808,0.00390625,0.00021454623471358077,3.977408320738207e-05,1.0,1.0,0.0,/group/ctbrowngrp5/sourmash-db.new/gtdb-rs226/gtdb-rs226-k51.dna.rocksdb,GCA_022773865.1 Bacteroidales bacterium,4fb5f66ec4a0d96ccfb55dc54258118b,0.0390625,10000,504,20910000,outputs.mapping/bams.cds.rand/SRR14369219.x.s__Prevotella sp000434975.fastq.gz,SRR14369219.x.s__Prevotella sp000434975,07a94e46,46610000,51,DNA,10000,4661,True,0.8864962041104325,0.9383988171070825,0.9124475106087575,0.9383988171070825,False,1,21791,25142,d__Bacteria;p__Bacteroidota;c__Bacteroidia;o__Bacteroidales;f__Bacteroidaceae;g__Alloprevotella;s__Alloprevotella sp004552155
300000,0.0064363870414074235,0.0035971223021582736,0.00021454623471358077,0.000556837164903349,14.0,14.0,0.0,/group/ctbrowngrp5/sourmash-db.new/gtdb-rs226/gtdb-rs226-k51.dna.rocksdb,GCA_022744255.1 Prevotella sp.,c831aa84f0d41aee0ee4ced22f89f57a,0.1079136690647482,10000,505,20900000,outputs.mapping/bams.cds.rand/SRR14369219.x.s__Prevotella sp000434975.fastq.gz,SRR14369219.x.s__Prevotella sp000434975,07a94e46,46610000,51,DNA,10000,4661,True,0.9057997553656649,0.957283811940335,0.931541783653,0.957283811940335,False,14,21805,25142,d__Bacteria;p__Bacteroidota;c__Bacteroidia;o__Bacteroidales;f__Bacteroidaceae;g__Prevotella;s__Prevotella sp900313215
280000,0.006007294571980262,0.003401360544217687,0.00021454623471358077,7.954816641476414e-05,2.0,2.0,0.0,/group/ctbrowngrp5/sourmash-db.new/gtdb-rs226/gtdb-rs226-k51.dna.rocksdb,GCF_905204425.1 uncultured Prevotella sp.,e5129119fb25144acc9a711a923978a1,0.09523809523809523,10000,506,20890000,outputs.mapping/bams.cds.rand/SRR14369219.x.s__Prevotella sp000434975.fastq.gz,SRR14369219.x.s__Prevotella sp000434975,07a94e46,46610000,51,DNA,10000,4661,True,0.9045752166525355,0.9549413087470898,0.9297582626998127,0.9549413087470898,False,2,21807,25142,d__Bacteria;p__Bacteroidota;c__Bacteroidia;o__Bacteroidales;f__Bacteroidaceae;g__Prevotella;s__Prevotella pectinovora
450000,0.009654580562111135,0.00273224043715847,0.00021454623471358077,0.000556837164903349,14.0,14.0,0.0,/group/ctbrowngrp5/sourmash-db.new/gtdb-rs226/gtdb-rs226-k51.dna.rocksdb,GCA_958420865.1 uncultured Prevotella sp.,4f3aa286191a36cd867f351d7a3b44a3,0.12295081967213115,10000,507,20880000,outputs.mapping/bams.cds.rand/SRR14369219.x.s__Prevotella sp000434975.fastq.gz,SRR14369219.x.s__Prevotella sp000434975,07a94e46,46610000,51,DNA,10000,4661,True,0.9130298343045723,0.9597355823397901,0.9363827083221812,0.9597355823397901,False,14,21821,25142,d__Bacteria;p__Bacteroidota;c__Bacteroidia;o__Bacteroidales;f__Bacteroidaceae;g__Prevotella;s__Prevotella sinensis
1470000,0.03153829650289637,0.003389830508474576,0.00021454623471358077,3.977408320738207e-05,1.0,1.0,0.0,/group/ctbrowngrp5/sourmash-db.new/gtdb-rs226/gtdb-rs226-k51.dna.rocksdb,GCA_037366385.1 Prevotella sp.,2b2a95e0bcd7df91fd7e7b38cb071437,0.49830508474576274,10000,508,20870000,outputs.mapping/bams.cds.rand/SRR14369219.x.s__Prevotella sp000434975.fastq.gz,SRR14369219.x.s__Prevotella sp000434975,07a94e46,46610000,51,DNA,10000,4661,True,0.9344701981125039,0.9864351418835887,0.9604526699980462,0.9864351418835887,False,1,21822,25142,d__Bacteria;p__Bacteroidota;c__Bacteroidia;o__Bacteroidales;f__Bacteroidaceae;g__Prevotella;s__Prevotella sp000434975
70000,0.0015018236429950654,0.0043859649122807015,0.00021454623471358077,0.00011932224962214622,3.0,3.0,0.0,/group/ctbrowngrp5/sourmash-db.new/gtdb-rs226/gtdb-rs226-k51.dna.rocksdb,GCA_022770925.1 Bacteroidales bacterium,c9e3904dd6fe98a0c8bded6aaac3bf02,0.03070175438596491,10000,509,20860000,outputs.mapping/bams.cds.rand/SRR14369219.x.s__Prevotella sp000434975.fastq.gz,SRR14369219.x.s__Prevotella sp000434975,07a94e46,46610000,51,DNA,10000,4661,True,0.8803180100686623,0.9339777563867697,0.907147883227716,0.9339777563867697,False,3,21825,25142,d__Bacteria;p__Bacteroidota;c__Bacteroidia;o__Bacteroidales;f__Bacteroidaceae;g__Prevotella;s__Prevotella sp004558865
350000,0.007509118214975327,0.003703703703703704,0.00021454623471358077,3.977408320738207e-05,1.0,1.0,0.0,/group/ctbrowngrp5/sourmash-db.new/gtdb-rs226/gtdb-rs226-k51.dna.rocksdb,GCF_022782505.1 Prevotella sp.,81f48c792fadc7763818f5b120caba6d,0.12962962962962962,10000,510,20850000,outputs.mapping/bams.cds.rand/SRR14369219.x.s__Prevotella sp000434975.fastq.gz,SRR14369219.x.s__Prevotella sp000434975,07a94e46,46610000,51,DNA,10000,4661,True,0.9085417334147434,0.9607315317158136,0.9346366325652785,0.9607315317158136,False,1,21826,25142,d__Bacteria;p__Bacteroidota;c__Bacteroidia;o__Bacteroidales;f__Bacteroidaceae;g__Prevotella;s__Prevotella sp900552515
110000,0.0023600085818493884,0.003745318352059925,0.00021454623471358077,3.977408320738207e-05,1.0,1.0,0.0,/group/ctbrowngrp5/sourmash-db.new/gtdb-rs226/gtdb-rs226-k51.dna.rocksdb,GCA_945868385.1 uncultured Prevotella sp.,93b9094c191d4a41560a89cdb9106402,0.04119850187265917,10000,511,20840000,outputs.mapping/bams.cds.rand/SRR14369219.x.s__Prevotella sp000434975.fastq.gz,SRR14369219.x.s__Prevotella sp000434975,07a94e46,46610000,51,DNA,10000,4661,True,0.8881544612160649,0.9393789243231081,0.9137666927695864,0.9393789243231081,False,1,21827,25142,d__Bacteria;p__Bacteroidota;c__Bacteroidia;o__Bacteroidales;f__Bacteroidaceae;g__Prevotella;s__Prevotella sp900548195
130000,0.0027891010512765503,0.004,0.00021454623471358077,0.00011932224962214622,3.0,3.0,0.0,/group/ctbrowngrp5/sourmash-db.new/gtdb-rs226/gtdb-rs226-k51.dna.rocksdb,GCA_004557415.1 Clostridiales bacterium,9cb221740bfac2d7de4ab20631f9e5b7,0.052,10000,512,20830000,outputs.mapping/bams.cds.rand/SRR14369219.x.s__Prevotella sp000434975.fastq.gz,SRR14369219.x.s__Prevotella sp000434975,07a94e46,46610000,51,DNA,10000,4661,True,0.8910684434513304,0.9436774883475049,0.9173729658994176,0.9436774883475049,False,3,21830,25142,d__Bacteria;p__Bacillota;c__Clostridia;o__Christensenellales;f__CAG-138;g__PeH17;s__PeH17 sp900542285
450000,0.009654580562111135,0.0031746031746031746,0.00021454623471358077,7.954816641476414e-05,2.0,2.0,0.0,/group/ctbrowngrp5/sourmash-db.new/gtdb-rs226/gtdb-rs226-k51.dna.rocksdb,GCA_037237685.1 Segatella copri,ed5657dd44ef750e31ccfaf514b90eae,0.14285714285714285,10000,513,20820000,outputs.mapping/bams.cds.rand/SRR14369219.x.s__Prevotella sp000434975.fastq.gz,SRR14369219.x.s__Prevotella sp000434975,07a94e46,46610000,51,DNA,10000,4661,True,0.9130298343045723,0.9625636347671247,0.9377967345358484,0.9625636347671247,False,2,21832,25142,d__Bacteria;p__Bacteroidota;c__Bacteroidia;o__Bacteroidales;f__Bacteroidaceae;g__Prevotella;s__Prevotella sinensis
110000,0.0023600085818493884,0.006535947712418301,0.00021454623471358077,3.977408320738207e-05,1.0,1.0,0.0,/group/ctbrowngrp5/sourmash-db.new/gtdb-rs226/gtdb-rs226-k51.dna.rocksdb,GCA_945614715.1 uncultured Bacteroidales bacterium,9775df4f3fabda5be4691737fb1c8864,0.0718954248366013,10000,514,20810000,outputs.mapping/bams.cds.rand/SRR14369219.x.s__Prevotella sp000434975.fastq.gz,SRR14369219.x.s__Prevotella sp000434975,07a94e46,46610000,51,DNA,10000,4661,True,0.8881544612160649,0.9496911207524714,0.9189227909842681,0.9496911207524714,False,1,21833,25142,d__Bacteria;p__Bacteroidota;c__Bacteroidia;o__Bacteroidales;f__Bacteroidaceae;g__Alloprevotella;s__Alloprevotella sp004552155
100000,0.002145462347135808,0.0035335689045936395,0.00021454623471358077,0.0007159334977328772,18.0,18.0,0.0,/group/ctbrowngrp5/sourmash-db.new/gtdb-rs226/gtdb-rs226-k51.dna.rocksdb,GCA_022742985.1 Prevotella sp.,b963fac21c900cf6fe5aa2353ba0843d,0.0353356890459364,10000,515,20800000,outputs.mapping/bams.cds.rand/SRR14369219.x.s__Prevotella sp000434975.fastq.gz,SRR14369219.x.s__Prevotella sp000434975,07a94e46,46610000,51,DNA,10000,4661,True,0.8864962041104325,0.936555673960341,0.9115259390353867,0.936555673960341,False,18,21851,25142,d__Bacteria;p__Bacteroidota;c__Bacteroidia;o__Bacteroidales;f__Bacteroidaceae;g__Prevotella;s__Prevotella merdae
470000,0.010083673031538296,0.0036101083032490976,0.00021454623471358077,7.954816641476414e-05,2.0,2.0,0.0,/group/ctbrowngrp5/sourmash-db.new/gtdb-rs226/gtdb-rs226-k51.dna.rocksdb,GCF_000833955.1 Prevotella pectinovora,f21257989e56fba1d557f96b9512fcd5,0.16967509025270758,10000,516,20790000,outputs.mapping/bams.cds.rand/SRR14369219.x.s__Prevotella sp000434975.fastq.gz,SRR14369219.x.s__Prevotella sp000434975,07a94e46,46610000,51,DNA,10000,4661,True,0.9138086604970178,0.9658161702444987,0.9398124153707583,0.9658161702444987,False,2,21853,25142,d__Bacteria;p__Bacteroidota;c__Bacteroidia;o__Bacteroidales;f__Bacteroidaceae;g__Prevotella;s__Prevotella pectinovora
60000,0.0012872774082814847,0.004366812227074236,0.00021454623471358077,0.000596611248110731,15.0,15.0,0.0,/group/ctbrowngrp5/sourmash-db.new/gtdb-rs226/gtdb-rs226-k51.dna.rocksdb,GCA_945910415.1 uncultured Bacteroidales bacterium,c11f04d2a5df0f48a244be85dfbdecae,0.026200873362445413,10000,517,20780000,outputs.mapping/bams.cds.rand/SRR14369219.x.s__Prevotella sp000434975.fastq.gz,SRR14369219.x.s__Prevotella sp000434975,07a94e46,46610000,51,DNA,10000,4661,True,0.8776612111886104,0.9310791119395333,0.9043701615640718,0.9310791119395333,True,15,21868,25142,d__Bacteria;p__Bacteroidota;c__Bacteroidia;o__Bacteroidales;f__Bacteroidaceae;g__Alloprevotella;s__Alloprevotella sp022784065
10000,0.00021454623471358077,0.005847953216374269,0.00021454623471358077,3.977408320738207e-05,1.0,1.0,0.0,/group/ctbrowngrp5/sourmash-db.new/gtdb-rs226/gtdb-rs226-k51.dna.rocksdb,GCA_034089065.1 Candidatus Cryptobacteroides sp.,80c88e23a0634fc92a167f45c19efe3a,0.005847953216374269,10000,518,20770000,outputs.mapping/bams.cds.rand/SRR14369219.x.s__Prevotella sp000434975.fastq.gz,SRR14369219.x.s__Prevotella sp000434975,07a94e46,46610000,51,DNA,10000,4661,True,0.8473621035226538,0.9040985288120411,0.8757303161673475,0.9040985288120411,True,1,21869,25142,d__Bacteria;p__Bacteroidota;c__Bacteroidia;o__Bacteroidales;f__UBA932;g__Cryptobacteroides;s__Cryptobacteroides sp004554455
20000,0.00042909246942716153,0.00390625,0.00021454623471358077,3.977408320738207e-05,1.0,1.0,0.0,/group/ctbrowngrp5/sourmash-db.new/gtdb-rs226/gtdb-rs226-k51.dna.rocksdb,GCA_004553365.1 Ruminococcus sp.,7b9a0935462a4041ebe106061b78db52,0.0078125,10000,519,20760000,outputs.mapping/bams.cds.rand/SRR14369219.x.s__Prevotella sp000434975.fastq.gz,SRR14369219.x.s__Prevotella sp000434975,07a94e46,46610000,51,DNA,10000,4661,True,0.8589573220844791,0.9092475875837274,0.8841024548341032,0.9092475875837274,True,1,21870,25142,d__Bacteria;p__Bacillota;c__Clostridia;o__Oscillospirales;f__Acutalibacteraceae;g__CAG-488;s__CAG-488 sp000434055
10000,0.00021454623471358077,0.0035087719298245615,0.00021454623471358077,0.00011932224962214622,3.0,3.0,0.0,/group/ctbrowngrp5/sourmash-db.new/gtdb-rs226/gtdb-rs226-k51.dna.rocksdb,GCA_946411975.1 uncultured bacterium,0cc1e05182b1581799c261d878cfcab2,0.0035087719298245615,10000,520,20750000,outputs.mapping/bams.cds.rand/SRR14369219.x.s__Prevotella sp000434975.fastq.gz,SRR14369219.x.s__Prevotella sp000434975,07a94e46,46610000,51,DNA,10000,4661,True,0.8473621035226538,0.8950881077119309,0.8712251056172924,0.8950881077119309,True,3,21873,25142,d__Bacteria;p__Bacteroidota;c__Bacteroidia;o__Bacteroidales;f__Bacteroidaceae;g__Prevotella;s__Prevotella sp004555245
10000,0.00021454623471358077,0.005494505494505495,0.00021454623471358077,3.977408320738207e-05,1.0,1.0,0.0,/group/ctbrowngrp5/sourmash-db.new/gtdb-rs226/gtdb-rs226-k51.dna.rocksdb,GCF_034094015.1 Parolsenella sp.,e88f2480e83c3be8386c15d91cc9ce9a,0.005494505494505495,10000,521,20740000,outputs.mapping/bams.cds.rand/SRR14369219.x.s__Prevotella sp000434975.fastq.gz,SRR14369219.x.s__Prevotella sp000434975,07a94e46,46610000,51,DNA,10000,4661,True,0.8473621035226538,0.9029940210398251,0.8751780622812395,0.9029940210398251,True,1,21874,25142,d__Bacteria;p__Actinomycetota;c__Coriobacteriia;o__Coriobacteriales;f__Atopobiaceae;g__Parolsenella;s__Parolsenella sp958406235
220000,0.004720017163698777,0.0029411764705882353,0.00021454623471358077,3.977408320738207e-05,1.0,1.0,0.0,/group/ctbrowngrp5/sourmash-db.new/gtdb-rs226/gtdb-rs226-k51.dna.rocksdb,GCA_934215755.1 uncultured Prevotella sp.,8a385e753e4833f3d771af6670bfee73,0.06470588235294118,10000,522,20730000,outputs.mapping/bams.cds.rand/SRR14369219.x.s__Prevotella sp000434975.fastq.gz,SRR14369219.x.s__Prevotella sp000434975,07a94e46,46610000,51,DNA,10000,4661,True,0.900307878334494,0.9477311862271478,0.9240195322808209,0.9477311862271478,False,1,21875,25142,d__Bacteria;p__Bacteroidota;c__Bacteroidia;o__Bacteroidales;f__Bacteroidaceae;g__Prevotella;s__Prevotella sp900551985
190000,0.004076378459558035,0.002506265664160401,0.00021454623471358077,0.00011932224962214622,3.0,3.0,0.0,/group/ctbrowngrp5/sourmash-db.new/gtdb-rs226/gtdb-rs226-k51.dna.rocksdb,GCA_959606135.1 uncultured Prevotella sp.,67bcbc893159ccb2b94ee7d3bee7a668,0.047619047619047616,10000,523,20720000,outputs.mapping/bams.cds.rand/SRR14369219.x.s__Prevotella sp000434975.fastq.gz,SRR14369219.x.s__Prevotella sp000434975,07a94e46,46610000,51,DNA,10000,4661,True,0.8977235893310339,0.9420503851773752,0.9198869872542046,0.9420503851773752,False,3,21878,25142,d__Bacteria;p__Bacteroidota;c__Bacteroidia;o__Bacteroidales;f__Bacteroidaceae;g__Prevotella;s__Prevotella hominis
430000,0.009225488092683974,0.003003003003003003,0.00021454623471358077,0.00011932224962214622,3.0,3.0,0.0,/group/ctbrowngrp5/sourmash-db.new/gtdb-rs226/gtdb-rs226-k51.dna.rocksdb,GCA_945949975.1 Segatella copri,c0b31e87c1cda71ffa5540d60da98e3a,0.12912912912912913,10000,524,20710000,outputs.mapping/bams.cds.rand/SRR14369219.x.s__Prevotella sp000434975.fastq.gz,SRR14369219.x.s__Prevotella sp000434975,07a94e46,46610000,51,DNA,10000,4661,True,0.9122163047235938,0.960658660604669,0.9364374826641314,0.960658660604669,False,3,21881,25142,d__Bacteria;p__Bacteroidota;c__Bacteroidia;o__Bacteroidales;f__Bacteroidaceae;g__Prevotella;s__Prevotella copri
180000,0.003861832224844454,0.0035714285714285713,0.00021454623471358077,3.977408320738207e-05,1.0,1.0,0.0,/group/ctbrowngrp5/sourmash-db.new/gtdb-rs226/gtdb-rs226-k51.dna.rocksdb,GCA_034174415.1 Prevotella sp.,006ea4bae892c436a0b02953ec6e1fd2,0.06428571428571428,10000,525,20700000,outputs.mapping/bams.cds.rand/SRR14369219.x.s__Prevotella sp000434975.fastq.gz,SRR14369219.x.s__Prevotella sp000434975,07a94e46,46610000,51,DNA,10000,4661,True,0.8967723795121221,0.9476101318732565,0.9221912556926892,0.9476101318732565,False,1,21882,25142,d__Bacteria;p__Bacteroidota;c__Bacteroidia;o__Bacteroidales;f__Bacteroidaceae;g__Prevotella;s__Prevotella sp022775985
10000,0.00021454623471358077,0.0048543689320388345,0.00021454623471358077,3.977408320738207e-05,1.0,1.0,0.0,/group/ctbrowngrp5/sourmash-db.new/gtdb-rs226/gtdb-rs226-k51.dna.rocksdb,GCA_034116885.1 Anaerovibrio sp.,d1c581de60e6f6e3fa457dd7d3ca5428,0.0048543689320388345,10000,526,20690000,outputs.mapping/bams.cds.rand/SRR14369219.x.s__Prevotella sp000434975.fastq.gz,SRR14369219.x.s__Prevotella sp000434975,07a94e46,46610000,51,DNA,10000,4661,True,0.8473621035226538,0.900803478377785,0.8740827909502193,0.900803478377785,True,1,21883,25142,d__Bacteria;p__Bacillota;c__Negativicutes;o__Selenomonadales;f__Selenomonadaceae;g__Anaerovibrio;s__Anaerovibrio sp016302095
140000,0.003003647285990131,0.002824858757062147,0.00021454623471358077,0.00015909633282952827,4.0,4.0,0.0,/group/ctbrowngrp5/sourmash-db.new/gtdb-rs226/gtdb-rs226-k51.dna.rocksdb,GCA_934096775.1 uncultured Prevotella sp.,daea0f0107ee06f65ee17f4183d5c04e,0.03954802259887006,10000,527,20680000,outputs.mapping/bams.cds.rand/SRR14369219.x.s__Prevotella sp000434975.fastq.gz,SRR14369219.x.s__Prevotella sp000434975,07a94e46,46610000,51,DNA,10000,4661,True,0.8923641939707068,0.9386261352795506,0.9154951646251287,0.9386261352795506,False,4,21887,25142,d__Bacteria;p__Bacteroidota;c__Bacteroidia;o__Bacteroidales;f__Bacteroidaceae;g__Prevotella;s__Prevotella faecis
10000,0.00021454623471358077,0.002638522427440633,0.00021454623471358077,3.977408320738207e-05,1.0,1.0,0.0,/group/ctbrowngrp5/sourmash-db.new/gtdb-rs226/gtdb-rs226-k51.dna.rocksdb,GCF_002303655.1 Clostridioides difficile,d45bbcb7ba09bbedfd14416fd987a5e0,0.002638522427440633,10000,528,20670000,outputs.mapping/bams.cds.rand/SRR14369219.x.s__Prevotella sp000434975.fastq.gz,SRR14369219.x.s__Prevotella sp000434975,07a94e46,46610000,51,DNA,10000,4661,True,0.8473621035226538,0.8900992741114834,0.8687306888170686,0.8900992741114834,True,1,21888,25142,d__Bacteria;p__Bacillota;c__Clostridia;o__Peptostreptococcales;f__Peptostreptococcaceae;g__Clostridioides;s__Clostridioides difficile
30000,0.0006436387041407423,0.0025906735751295338,0.00021454623471358077,7.954816641476414e-05,2.0,2.0,0.0,/group/ctbrowngrp5/sourmash-db.new/gtdb-rs226/gtdb-rs226-k51.dna.rocksdb,GCF_014837065.1 Phocaeicola intestinalis,759f9e6a61e59910b0d4fc88a4bf6015,0.007772020725388601,10000,529,20660000,outputs.mapping/bams.cds.rand/SRR14369219.x.s__Prevotella sp000434975.fastq.gz,SRR14369219.x.s__Prevotella sp000434975,07a94e46,46610000,51,DNA,10000,4661,True,0.8658135054815657,0.90915497710996,0.8874842412957629,0.90915497710996,True,2,21890,25142,d__Bacteria;p__Bacteroidota;c__Bacteroidia;o__Bacteroidales;f__Bacteroidaceae;g__Phocaeicola;s__Phocaeicola intestinalis
10000,0.00021454623471358077,0.00819672131147541,0.00021454623471358077,3.977408320738207e-05,1.0,1.0,0.0,/group/ctbrowngrp5/sourmash-db.new/gtdb-rs226/gtdb-rs226-k51.dna.rocksdb,GCA_905188025.1 uncultured Eubacteriales bacterium,da30fe0855417b7562560f03157ce6b2,0.00819672131147541,10000,530,20650000,outputs.mapping/bams.cds.rand/SRR14369219.x.s__Prevotella sp000434975.fastq.gz,SRR14369219.x.s__Prevotella sp000434975,07a94e46,46610000,51,DNA,10000,4661,True,0.8473621035226538,0.910103917375183,0.8787330104489184,0.910103917375183,True,1,21891,25142,d__Bacteria;p__Bacillota;c__Bacilli;o__RF39;f__UBA660;g__RUG705;s__RUG705 sp905188025
30000,0.0006436387041407423,0.004484304932735426,0.00021454623471358077,0.00023864449924429243,6.0,6.0,0.0,/group/ctbrowngrp5/sourmash-db.new/gtdb-rs226/gtdb-rs226-k51.dna.rocksdb,GCA_022772335.1 Paraprevotella sp.,4045c7fa2271c157113b8bf1ee9ec2ee,0.013452914798206279,10000,531,20640000,outputs.mapping/bams.cds.rand/SRR14369219.x.s__Prevotella sp000434975.fastq.gz,SRR14369219.x.s__Prevotella sp000434975,07a94e46,46610000,51,DNA,10000,4661,True,0.8658135054815657,0.9189886027616389,0.8924010541216023,0.9189886027616389,True,6,21897,25142,d__Bacteria;p__Bacteroidota;c__Bacteroidia;o__Bacteroidales;f__Bacteroidaceae;g__Prevotella;s__Prevotella sp900768785
500000,0.010727311735679038,0.0030303030303030303,0.00021454623471358077,7.954816641476414e-05,2.0,2.0,0.0,/group/ctbrowngrp5/sourmash-db.new/gtdb-rs226/gtdb-rs226-k51.dna.rocksdb,GCA_946011765.1 uncultured Prevotella sp.,fdedb87d28b4bd821efe8b5dc8ceea91,0.15151515151515152,10000,532,20630000,outputs.mapping/bams.cds.rand/SRR14369219.x.s__Prevotella sp000434975.fastq.gz,SRR14369219.x.s__Prevotella sp000434975,07a94e46,46610000,51,DNA,10000,4661,True,0.9149180054662999,0.9636748192889648,0.9392964123776324,0.9636748192889648,False,2,21899,25142,d__Bacteria;p__Bacteroidota;c__Bacteroidia;o__Bacteroidales;f__Bacteroidaceae;g__Prevotella;s__Prevotella sp900546535
2300000,0.04934563398412358,0.003861003861003861,0.00021454623471358077,3.977408320738207e-05,1.0,1.0,0.0,/group/ctbrowngrp5/sourmash-db.new/gtdb-rs226/gtdb-rs226-k51.dna.rocksdb,GCA_034115945.1 Prevotella sp.,0372992ab5ae8fa6e2461358bd506805,0.888030888030888,10000,533,20620000,outputs.mapping/bams.cds.rand/SRR14369219.x.s__Prevotella sp000434975.fastq.gz,SRR14369219.x.s__Prevotella sp000434975,07a94e46,46610000,51,DNA,10000,4661,True,0.9427085069286564,0.9976743017195254,0.9701914043240909,0.9976743017195254,False,1,21900,25142,d__Bacteria;p__Bacteroidota;c__Bacteroidia;o__Bacteroidales;f__Bacteroidaceae;g__Prevotella;s__Prevotella sp000434975
90000,0.001930916112422227,0.0030211480362537764,0.00021454623471358077,7.954816641476414e-05,2.0,2.0,0.0,/group/ctbrowngrp5/sourmash-db.new/gtdb-rs226/gtdb-rs226-k51.dna.rocksdb,GCA_934234225.1 uncultured Prevotella sp.,d2e2432abd5fd171a1a6d65d10ad5a34,0.027190332326283987,10000,534,20610000,outputs.mapping/bams.cds.rand/SRR14369219.x.s__Prevotella sp000434975.fastq.gz,SRR14369219.x.s__Prevotella sp000434975,07a94e46,46610000,51,DNA,10000,4661,True,0.8846666887248115,0.9317561015888796,0.9082113951568456,0.9317561015888796,False,2,21902,25142,d__Bacteria;p__Bacteroidota;c__Bacteroidia;o__Bacteroidales;f__Bacteroidaceae;g__Prevotella;s__Prevotella sp000436035
410000,0.008796395623256811,0.0024271844660194173,0.00021454623471358077,0.0007557075809402593,19.0,19.0,0.0,/group/ctbrowngrp5/sourmash-db.new/gtdb-rs226/gtdb-rs226-k51.dna.rocksdb,GCF_019249725.2 Segatella hominis,69c30158745548e272ed904b9ebeed24,0.09951456310679611,10000,535,20600000,outputs.mapping/bams.cds.rand/SRR14369219.x.s__Prevotella sp000434975.fastq.gz,SRR14369219.x.s__Prevotella sp000434975,07a94e46,46610000,51,DNA,10000,4661,True,0.9113647988037672,0.9557641104231271,0.9335644546134472,0.9557641104231271,False,19,21921,25142,d__Bacteria;p__Bacteroidota;c__Bacteroidia;o__Bacteroidales;f__Bacteroidaceae;g__Prevotella;s__Prevotella sp945863825
2360000,0.05063291139240506,0.004032258064516129,0.00021454623471358077,0.00011932224962214622,3.0,3.0,0.0,/group/ctbrowngrp5/sourmash-db.new/gtdb-rs226/gtdb-rs226-k51.dna.rocksdb,GCA_034118885.1 Prevotella sp.,91ce27286840ea7664960268100fb26d,0.9516129032258065,10000,536,20590000,outputs.mapping/bams.cds.rand/SRR14369219.x.s__Prevotella sp000434975.fastq.gz,SRR14369219.x.s__Prevotella sp000434975,07a94e46,46610000,51,DNA,10000,4661,True,0.9431846486453872,0.999027983672271,0.9711063161588291,0.999027983672271,False,3,21924,25142,d__Bacteria;p__Bacteroidota;c__Bacteroidia;o__Bacteroidales;f__Bacteroidaceae;g__Prevotella;s__Prevotella sp000434975
10000,0.00021454623471358077,0.003436426116838488,0.00021454623471358077,0.0006761594145254952,17.0,17.0,0.0,/group/ctbrowngrp5/sourmash-db.new/gtdb-rs226/gtdb-rs226-k51.dna.rocksdb,GCF_041333095.1 Intestinibacter bartlettii,dd98e2dacbf5138c06fb57ec9ba6a71f,0.003436426116838488,10000,537,20580000,outputs.mapping/bams.cds.rand/SRR14369219.x.s__Prevotella sp000434975.fastq.gz,SRR14369219.x.s__Prevotella sp000434975,07a94e46,46610000,51,DNA,10000,4661,True,0.8473621035226538,0.8947225285960692,0.8710423160593614,0.8947225285960692,True,17,21941,25142,d__Bacteria;p__Bacillota;c__Clostridia;o__Peptostreptococcales;f__Peptostreptococcaceae;g__Intestinibacter;s__Intestinibacter bartlettii
20000,0.00042909246942716153,0.0034129692832764505,0.00021454623471358077,7.954816641476414e-05,2.0,2.0,0.0,/group/ctbrowngrp5/sourmash-db.new/gtdb-rs226/gtdb-rs226-k51.dna.rocksdb,GCA_022783585.1 Prevotella sp.,ccbda88d47aee248b3d6d19940f76168,0.006825938566552901,10000,538,20570000,outputs.mapping/bams.cds.rand/SRR14369219.x.s__Prevotella sp000434975.fastq.gz,SRR14369219.x.s__Prevotella sp000434975,07a94e46,46610000,51,DNA,10000,4661,True,0.8589573220844791,0.906844024418685,0.8829006732515821,0.906844024418685,True,2,21943,25142,d__Bacteria;p__Bacteroidota;c__Bacteroidia;o__Bacteroidales;f__Bacteroidaceae;g__Prevotella;s__Prevotella sp002251245
10000,0.00021454623471358077,0.008928571428571428,0.00021454623471358077,0.00031819266565905654,8.0,8.0,0.0,/group/ctbrowngrp5/sourmash-db.new/gtdb-rs226/gtdb-rs226-k51.dna.rocksdb,GCA_902478115.1 uncultured Elusimicrobia bacterium,3b0e7b58c7f45266a6d406e53cba29f3,0.008928571428571428,10000,539,20560000,outputs.mapping/bams.cds.rand/SRR14369219.x.s__Prevotella sp000434975.fastq.gz,SRR14369219.x.s__Prevotella sp000434975,07a94e46,46610000,51,DNA,10000,4661,True,0.8473621035226538,0.9116313558407262,0.87949672968169,0.9116313558407262,True,8,21951,25142,d__Bacteria;p__Elusimicrobiota;c__Elusimicrobia;o__Elusimicrobiales;f__Elusimicrobiaceae;g__UBA1174;s__UBA1174 sp900556855
10000,0.00021454623471358077,0.002857142857142857,0.00021454623471358077,3.977408320738207e-05,1.0,1.0,0.0,/group/ctbrowngrp5/sourmash-db.new/gtdb-rs226/gtdb-rs226-k51.dna.rocksdb,GCA_900763175.1 Lachnospiraceae bacterium,9dfc03cd17b74f3d405543a811e26abb,0.002857142857142857,10000,540,20550000,outputs.mapping/bams.cds.rand/SRR14369219.x.s__Prevotella sp000434975.fastq.gz,SRR14369219.x.s__Prevotella sp000434975,07a94e46,46610000,51,DNA,10000,4661,True,0.8473621035226538,0.8914896651476225,0.8694258843351381,0.8914896651476225,True,1,21952,25142,d__Bacteria;p__Bacillota;c__Clostridia;o__Lachnospirales;f__Lachnospiraceae;g__Blautia_A;s__Blautia_A sp900763175
70000,0.0015018236429950654,0.00141643059490085,0.00021454623471358077,0.00023864449924429243,6.0,6.0,0.0,/group/ctbrowngrp5/sourmash-db.new/gtdb-rs226/gtdb-rs226-k51.dna.rocksdb,GCA_024790065.1 Bacteroides ovatus,fa8f2a874472c9f2444bdfaa6623a41f,0.009915014164305949,10000,541,20540000,outputs.mapping/bams.cds.rand/SRR14369219.x.s__Prevotella sp000434975.fastq.gz,SRR14369219.x.s__Prevotella sp000434975,07a94e46,46610000,51,DNA,10000,4661,True,0.8803180100686623,0.9135064835969594,0.8969122468328108,0.9135064835969594,False,6,21958,25142,d__Bacteria;p__Bacteroidota;c__Bacteroidia;o__Bacteroidales;f__Bacteroidaceae;g__Bacteroides;s__Bacteroides ovatus
10000,0.00021454623471358077,0.007194244604316547,0.00021454623471358077,3.977408320738207e-05,1.0,1.0,0.0,/group/ctbrowngrp5/sourmash-db.new/gtdb-rs226/gtdb-rs226-k51.dna.rocksdb,GCA_004558485.1 Ruminococcus sp.,e5b718b2eb69f078f8bd9accd7b47aae,0.007194244604316547,10000,542,20530000,outputs.mapping/bams.cds.rand/SRR14369219.x.s__Prevotella sp000434975.fastq.gz,SRR14369219.x.s__Prevotella sp000434975,07a94e46,46610000,51,DNA,10000,4661,True,0.8473621035226538,0.9077789375722995,0.8775705205474766,0.9077789375722995,True,1,21959,25142,d__Bacteria;p__Bacillota;c__Clostridia;o__Oscillospirales;f__Acutalibacteraceae;g__UBA5905;s__UBA5905 sp004558485
120000,0.0025745548165629693,0.003663003663003663,0.00021454623471358077,0.00011932224962214622,3.0,3.0,0.0,/group/ctbrowngrp5/sourmash-db.new/gtdb-rs226/gtdb-rs226-k51.dna.rocksdb,GCA_022773765.1 Prevotella sp.,a08ae7763220ec4311a959d866447765,0.04395604395604396,10000,543,20520000,outputs.mapping/bams.cds.rand/SRR14369219.x.s__Prevotella sp000434975.fastq.gz,SRR14369219.x.s__Prevotella sp000434975,07a94e46,46610000,51,DNA,10000,4661,True,0.8896710397196028,0.940573029836832,0.9151220347782174,0.940573029836832,False,3,21962,25142,d__Bacteria;p__Bacteroidota;c__Bacteroidia;o__Bacteroidales;f__Bacteroidaceae;g__Prevotella;s__Prevotella sp900548195
330000,0.007080025745548166,0.003278688524590164,0.00021454623471358077,3.977408320738207e-05,1.0,1.0,0.0,/group/ctbrowngrp5/sourmash-db.new/gtdb-rs226/gtdb-rs226-k51.dna.rocksdb,GCA_000431915.1 Prevotella sp. CAG:386,2a2c5abbd1e7b2bf7aea455d9d263675,0.10819672131147541,10000,544,20510000,outputs.mapping/bams.cds.rand/SRR14369219.x.s__Prevotella sp000434975.fastq.gz,SRR14369219.x.s__Prevotella sp000434975,07a94e46,46610000,51,DNA,10000,4661,True,0.9074941212001159,0.9573329822444963,0.932413551722306,0.9573329822444963,False,1,21963,25142,d__Bacteria;p__Bacteroidota;c__Bacteroidia;o__Bacteroidales;f__Bacteroidaceae;g__Prevotella;s__Prevotella sp900313215
10000,0.00021454623471358077,0.00641025641025641,0.00021454623471358077,0.0003977408320738207,10.0,10.0,0.0,/group/ctbrowngrp5/sourmash-db.new/gtdb-rs226/gtdb-rs226-k51.dna.rocksdb,GCA_945831705.1 uncultured Clostridia bacterium,3b78b2b626886fa9b749cd66273d02bf,0.00641025641025641,10000,545,20500000,outputs.mapping/bams.cds.rand/SRR14369219.x.s__Prevotella sp000434975.fastq.gz,SRR14369219.x.s__Prevotella sp000434975,07a94e46,46610000,51,DNA,10000,4661,True,0.8473621035226538,0.9057275057526144,0.8765448046376341,0.9057275057526144,True,10,21973,25142,d__Bacteria;p__Bacillota;c__Clostridia;o__Oscillospirales;f__Acutalibacteraceae;g__CAG-177;s__CAG-177 sp900770255
70000,0.0015018236429950654,0.0038910505836575876,0.00021454623471358077,3.977408320738207e-05,1.0,1.0,0.0,/group/ctbrowngrp5/sourmash-db.new/gtdb-rs226/gtdb-rs226-k51.dna.rocksdb,GCA_036799785.1 Muribaculaceae bacterium,365d3c230890c71e82f18ce3df261cd1,0.027237354085603113,10000,546,20490000,outputs.mapping/bams.cds.rand/SRR14369219.x.s__Prevotella sp000434975.fastq.gz,SRR14369219.x.s__Prevotella sp000434975,07a94e46,46610000,51,DNA,10000,4661,True,0.8803180100686623,0.9317876696951726,0.9060528398819174,0.9317876696951726,False,1,21974,25142,d__Bacteria;p__Bacteroidota;c__Bacteroidia;o__Bacteroidales;f__Muribaculaceae;g__Limisoma;s__Limisoma sp000437795
20000,0.00042909246942716153,0.005,0.00021454623471358077,7.954816641476414e-05,2.0,2.0,0.0,/group/ctbrowngrp5/sourmash-db.new/gtdb-rs226/gtdb-rs226-k51.dna.rocksdb,GCA_945836585.1 uncultured Prevotellaceae bacterium,ce05c2663011c46d1243554a657d5b29,0.01,10000,547,20480000,outputs.mapping/bams.cds.rand/SRR14369219.x.s__Prevotella sp000434975.fastq.gz,SRR14369219.x.s__Prevotella sp000434975,07a94e46,46610000,51,DNA,10000,4661,True,0.8589573220844791,0.9136593726391776,0.8863083473618283,0.9136593726391776,True,2,21976,25142,d__Bacteria;p__Bacteroidota;c__Bacteroidia;o__Bacteroidales;f__Bacteroidaceae;g__Prevotella;s__Prevotella sp022773825
520000,0.011156404205106201,0.002967359050445104,0.00021454623471358077,3.977408320738207e-05,1.0,1.0,0.0,/group/ctbrowngrp5/sourmash-db.new/gtdb-rs226/gtdb-rs226-k51.dna.rocksdb,GCA_963632635.1 uncultured Eubacteriales bacterium,f1a8267bfdb75c39dd5289167d568bf5,0.1543026706231454,10000,548,20470000,outputs.mapping/bams.cds.rand/SRR14369219.x.s__Prevotella sp000434975.fastq.gz,SRR14369219.x.s__Prevotella sp000434975,07a94e46,46610000,51,DNA,10000,4661,True,0.9156218787621488,0.9640193556354453,0.9398206171987971,0.9640193556354453,False,1,21977,25142,d__Bacteria;p__Bacteroidota;c__Bacteroidia;o__Bacteroidales;f__Bacteroidaceae;g__Prevotella;s__Prevotella sp900546535
320000,0.0068654795108345846,0.003257328990228013,0.00021454623471358077,3.977408320738207e-05,1.0,1.0,0.0,/group/ctbrowngrp5/sourmash-db.new/gtdb-rs226/gtdb-rs226-k51.dna.rocksdb,GCA_963639025.1 uncultured Alistipes sp.,ce7242d6a6ab98cc5d1d016fbfcf0fbf,0.10423452768729642,10000,549,20460000,outputs.mapping/bams.cds.rand/SRR14369219.x.s__Prevotella sp000434975.fastq.gz,SRR14369219.x.s__Prevotella sp000434975,07a94e46,46610000,51,DNA,10000,4661,True,0.906946735386233,0.9566329280469177,0.9317898317165754,0.9566329280469177,False,1,21978,25142,d__Bacteria;p__Bacteroidota;c__Bacteroidia;o__Bacteroidales;f__Bacteroidaceae;g__Prevotella;s__Prevotella sp000436915
10000,0.00021454623471358077,0.004608294930875576,0.00021454623471358077,3.977408320738207e-05,1.0,1.0,0.0,/group/ctbrowngrp5/sourmash-db.new/gtdb-rs226/gtdb-rs226-k51.dna.rocksdb,GCA_934246775.1 uncultured Clostridia bacterium,db88f4a32afc39de5695a2e9c9a5bb3d,0.004608294930875576,10000,550,20450000,outputs.mapping/bams.cds.rand/SRR14369219.x.s__Prevotella sp000434975.fastq.gz,SRR14369219.x.s__Prevotella sp000434975,07a94e46,46610000,51,DNA,10000,4661,True,0.8473621035226538,0.8998851063638268,0.8736236049432403,0.8998851063638268,True,1,21979,25142,d__Bacteria;p__Bacillota;c__Clostridia;o__Christensenellales;f__Borkfalkiaceae;g__HGM11416;s__HGM11416 sp900766495
40000,0.0008581849388543231,0.004,0.00021454623471358077,3.977408320738207e-05,1.0,1.0,0.0,/group/ctbrowngrp5/sourmash-db.new/gtdb-rs226/gtdb-rs226-k51.dna.rocksdb,GCA_034099875.1 Sodaliphilus sp.,dc8565192ef992673d48c031778e8cf5,0.016,10000,551,20440000,outputs.mapping/bams.cds.rand/SRR14369219.x.s__Prevotella sp000434975.fastq.gz,SRR14369219.x.s__Prevotella sp000434975,07a94e46,46610000,51,DNA,10000,4661,True,0.8707112084613239,0.9221183538879099,0.8964147811746168,0.9221183538879099,True,1,21980,25142,d__Bacteria;p__Bacteroidota;c__Bacteroidia;o__Bacteroidales;f__Muribaculaceae;g__Sodaliphilus;s__Sodaliphilus sp004557565
2000000,0.04290924694271615,0.0041841004184100415,0.00021454623471358077,0.00011932224962214622,3.0,3.0,0.0,/group/ctbrowngrp5/sourmash-db.new/gtdb-rs226/gtdb-rs226-k51.dna.rocksdb,GCA_004555105.1 Bacteroidales bacterium,ec75035bb3b9257901aa45df161ea17a,0.8368200836820083,10000,552,20430000,outputs.mapping/bams.cds.rand/SRR14369219.x.s__Prevotella sp000434975.fastq.gz,SRR14369219.x.s__Prevotella sp000434975,07a94e46,46610000,51,DNA,10000,4661,True,0.9401286166455148,0.9965130311869438,0.9683208239162293,0.9965130311869438,False,3,21983,25142,d__Bacteria;p__Bacteroidota;c__Bacteroidia;o__Bacteroidales;f__Bacteroidaceae;g__Prevotella;s__Prevotella sp000434975
2470000,0.052992919974254454,0.0033444816053511705,0.00021454623471358077,3.977408320738207e-05,1.0,1.0,0.0,/group/ctbrowngrp5/sourmash-db.new/gtdb-rs226/gtdb-rs226-k51.dna.rocksdb,GCA_022777695.1 Prevotella sp.,61099839dea78388f4e56977218e4206,0.8260869565217391,10000,553,20420000,outputs.mapping/bams.cds.rand/SRR14369219.x.s__Prevotella sp000434975.fastq.gz,SRR14369219.x.s__Prevotella sp000434975,07a94e46,46610000,51,DNA,10000,4661,True,0.944027539194004,0.9962608270694332,0.9701441831317186,0.9962608270694332,False,1,21984,25142,d__Bacteria;p__Bacteroidota;c__Bacteroidia;o__Bacteroidales;f__Bacteroidaceae;g__Prevotella;s__Prevotella sp000434975
220000,0.004720017163698777,0.0045871559633027525,0.00021454623471358077,3.977408320738207e-05,1.0,1.0,0.0,/group/ctbrowngrp5/sourmash-db.new/gtdb-rs226/gtdb-rs226-k51.dna.rocksdb,GCA_034178845.1 Prevotella sp.,b3492eb2d28215af81e6e9f82a8ecad6,0.10091743119266056,10000,554,20410000,outputs.mapping/bams.cds.rand/SRR14369219.x.s__Prevotella sp000434975.fastq.gz,SRR14369219.x.s__Prevotella sp000434975,07a94e46,46610000,51,DNA,10000,4661,True,0.900307878334494,0.9560264881846599,0.9281671832595769,0.9560264881846599,False,1,21985,25142,d__Bacteria;p__Bacteroidota;c__Bacteroidia;o__Bacteroidales;f__Bacteroidaceae;g__Prevotella;s__Prevotella sp022788105
10000,0.00021454623471358077,0.00425531914893617,0.00021454623471358077,3.977408320738207e-05,1.0,1.0,0.0,/group/ctbrowngrp5/sourmash-db.new/gtdb-rs226/gtdb-rs226-k51.dna.rocksdb,GCA_037245485.1 bacterium,927732020cd9b2fbb2087e7dd3edbf88,0.00425531914893617,10000,555,20400000,outputs.mapping/bams.cds.rand/SRR14369219.x.s__Prevotella sp000434975.fastq.gz,SRR14369219.x.s__Prevotella sp000434975,07a94e46,46610000,51,DNA,10000,4661,True,0.8473621035226538,0.8984801221677612,0.8729211128452075,0.8984801221677612,True,1,21986,25142,d__Bacteria;p__Bacillota;c__Clostridia;o__Oscillospirales;f__Oscillospiraceae;g__Hominicoprocola;s__Hominicoprocola fusiformis
10000,0.00021454623471358077,0.007462686567164179,0.00021454623471358077,7.954816641476414e-05,2.0,2.0,0.0,/group/ctbrowngrp5/sourmash-db.new/gtdb-rs226/gtdb-rs226-k51.dna.rocksdb,GCA_036785095.1 Candidatus Onthovivens sp.,e45ca408fa78ee1987335fc0f86abcb3,0.007462686567164179,10000,556,20390000,outputs.mapping/bams.cds.rand/SRR14369219.x.s__Prevotella sp000434975.fastq.gz,SRR14369219.x.s__Prevotella sp000434975,07a94e46,46610000,51,DNA,10000,4661,True,0.8473621035226538,0.9084312442666432,0.8778966738946485,0.9084312442666432,True,2,21988,25142,d__Bacteria;p__Bacillota;c__Bacilli;o__RFN20;f__CAG-826;g__Onthovivens;s__Onthovivens sp016302065
230000,0.004934563398412358,0.002898550724637681,0.00021454623471358077,7.954816641476414e-05,2.0,2.0,0.0,/group/ctbrowngrp5/sourmash-db.new/gtdb-rs226/gtdb-rs226-k51.dna.rocksdb,GCF_002265625.1 Prevotella sp. 885,6f27695917a933cec0a9bc03e9acdf60,0.06666666666666667,10000,557,20380000,outputs.mapping/bams.cds.rand/SRR14369219.x.s__Prevotella sp000434975.fastq.gz,SRR14369219.x.s__Prevotella sp000434975,07a94e46,46610000,51,DNA,10000,4661,True,0.9010929316289058,0.9482861051753365,0.9246895184021211,0.9482861051753365,False,2,21990,25142,d__Bacteria;p__Bacteroidota;c__Bacteroidia;o__Bacteroidales;f__Bacteroidaceae;g__Prevotella;s__Prevotella sp002265625
10000,0.00021454623471358077,0.004739336492890996,0.00021454623471358077,0.00023864449924429243,6.0,6.0,0.0,/group/ctbrowngrp5/sourmash-db.new/gtdb-rs226/gtdb-rs226-k51.dna.rocksdb,GCA_018384745.1 Caryophanon sp.,dd06a5ea864c576518223f9a142ff865,0.004739336492890996,10000,558,20370000,outputs.mapping/bams.cds.rand/SRR14369219.x.s__Prevotella sp000434975.fastq.gz,SRR14369219.x.s__Prevotella sp000434975,07a94e46,46610000,51,DNA,10000,4661,True,0.8473621035226538,0.900379988990409,0.8738710462565314,0.900379988990409,True,6,21996,25142,d__Bacteria;p__Bacillota;c__Bacilli;o__Bacillales_A;f__Planococcaceae;g__Caryophanon;s__Caryophanon sp018384745
60000,0.0012872774082814847,0.003355704697986577,0.00021454623471358077,3.977408320738207e-05,1.0,1.0,0.0,/group/ctbrowngrp5/sourmash-db.new/gtdb-rs226/gtdb-rs226-k51.dna.rocksdb,GCA_946184135.1 uncultured Prevotellaceae bacterium,d66ed75b145a87104266e9fd394ed510,0.020134228187919462,10000,559,20360000,outputs.mapping/bams.cds.rand/SRR14369219.x.s__Prevotella sp000434975.fastq.gz,SRR14369219.x.s__Prevotella sp000434975,07a94e46,46610000,51,DNA,10000,4661,True,0.8776612111886104,0.9262832766499852,0.9019722439192979,0.9262832766499852,True,1,21997,25142,d__Bacteria;p__Bacteroidota;c__Bacteroidia;o__Bacteroidales;f__Bacteroidaceae;g__Minthosoma;s__Minthosoma sp900316975
10000,0.00021454623471358077,0.0025252525252525255,0.00021454623471358077,3.977408320738207e-05,1.0,1.0,0.0,/group/ctbrowngrp5/sourmash-db.new/gtdb-rs226/gtdb-rs226-k51.dna.rocksdb,GCA_014871165.1 Bacteroides uniformis,d8bbae3a62bdbc1efb620d3a6d45151a,0.0025252525252525255,10000,560,20350000,outputs.mapping/bams.cds.rand/SRR14369219.x.s__Prevotella sp000434975.fastq.gz,SRR14369219.x.s__Prevotella sp000434975,07a94e46,46610000,51,DNA,10000,4661,True,0.8473621035226538,0.8893338038099182,0.868347953666286,0.8893338038099182,True,1,21998,25142,d__Bacteria;p__Bacteroidota;c__Bacteroidia;o__Bacteroidales;f__Bacteroidaceae;g__Bacteroides;s__Bacteroides uniformis
280000,0.006007294571980262,0.0030959752321981426,0.00021454623471358077,7.954816641476414e-05,2.0,2.0,0.0,/group/ctbrowngrp5/sourmash-db.new/gtdb-rs226/gtdb-rs226-k51.dna.rocksdb,GCA_036298045.1 Prevotella sp.,fc405f121c22e5165b16a5508505b8c7,0.08668730650154799,10000,561,20340000,outputs.mapping/bams.cds.rand/SRR14369219.x.s__Prevotella sp000434975.fastq.gz,SRR14369219.x.s__Prevotella sp000434975,07a94e46,46610000,51,DNA,10000,4661,True,0.9045752166525355,0.9531814858320729,0.9288783512423042,0.9531814858320729,False,2,22000,25142,d__Bacteria;p__Bacteroidota;c__Bacteroidia;o__Bacteroidales;f__Bacteroidaceae;g__Prevotella;s__Prevotella sp000436035
70000,0.0015018236429950654,0.0029239766081871343,0.00021454623471358077,3.977408320738207e-05,1.0,1.0,0.0,/group/ctbrowngrp5/sourmash-db.new/gtdb-rs226/gtdb-rs226-k51.dna.rocksdb,GCA_022777825.1 Prevotella sp.,dcf27a005f3668f0a724086c2beb8117,0.02046783625730994,10000,562,20330000,outputs.mapping/bams.cds.rand/SRR14369219.x.s__Prevotella sp000434975.fastq.gz,SRR14369219.x.s__Prevotella sp000434975,07a94e46,46610000,51,DNA,10000,4661,True,0.8803180100686623,0.9265817955406456,0.9034499028046539,0.9265817955406456,False,1,22001,25142,d__Bacteria;p__Bacteroidota;c__Bacteroidia;o__Bacteroidales;f__Bacteroidaceae;g__Prevotella;s__Prevotella sp002251435
60000,0.0012872774082814847,0.004329004329004329,0.00021454623471358077,3.977408320738207e-05,1.0,1.0,0.0,/group/ctbrowngrp5/sourmash-db.new/gtdb-rs226/gtdb-rs226-k51.dna.rocksdb,GCA_037434845.1 Sodaliphilus sp.,40a3268df8179f29325920e93127369e,0.025974025974025976,10000,563,20320000,outputs.mapping/bams.cds.rand/SRR14369219.x.s__Prevotella sp000434975.fastq.gz,SRR14369219.x.s__Prevotella sp000434975,07a94e46,46610000,51,DNA,10000,4661,True,0.8776612111886104,0.9309203727056805,0.9042907919471455,0.9309203727056805,True,1,22002,25142,d__Bacteria;p__Bacteroidota;c__Bacteroidia;o__Bacteroidales;f__Muribaculaceae;g__Sodaliphilus;s__Sodaliphilus sp004557565
10000,0.00021454623471358077,0.002617801047120419,0.00021454623471358077,0.00015909633282952827,4.0,4.0,0.0,/group/ctbrowngrp5/sourmash-db.new/gtdb-rs226/gtdb-rs226-k51.dna.rocksdb,GCA_017540585.1 Bacteroidaceae bacterium,872b17504736328ff3d4482b9c1ca9f4,0.002617801047120419,10000,564,20310000,outputs.mapping/bams.cds.rand/SRR14369219.x.s__Prevotella sp000434975.fastq.gz,SRR14369219.x.s__Prevotella sp000434975,07a94e46,46610000,51,DNA,10000,4661,True,0.8473621035226538,0.8899616788289088,0.8686618911757813,0.8899616788289088,True,4,22006,25142,d__Bacteria;p__Bacteroidota;c__Bacteroidia;o__Bacteroidales;f__Bacteroidaceae;g__Minthosoma;s__Minthosoma sp017540585
630000,0.01351641278695559,0.003257328990228013,0.00021454623471358077,7.954816641476414e-05,2.0,2.0,0.0,/group/ctbrowngrp5/sourmash-db.new/gtdb-rs226/gtdb-rs226-k51.dna.rocksdb,GCF_022784205.1 Prevotella sp.,fc0ae56c1ef8fefc2e994e4dd1716346,0.20521172638436483,10000,565,20300000,outputs.mapping/bams.cds.rand/SRR14369219.x.s__Prevotella sp000434975.fastq.gz,SRR14369219.x.s__Prevotella sp000434975,07a94e46,46610000,51,DNA,10000,4661,True,0.9190734583889002,0.9694240017462071,0.9442487300675537,0.9694240017462071,False,2,22008,25142,d__Bacteria;p__Bacteroidota;c__Bacteroidia;o__Bacteroidales;f__Bacteroidaceae;g__Prevotella;s__Prevotella sp905193385
10000,0.00021454623471358077,0.007936507936507936,0.00021454623471358077,3.977408320738207e-05,1.0,1.0,0.0,/group/ctbrowngrp5/sourmash-db.new/gtdb-rs226/gtdb-rs226-k51.dna.rocksdb,GCA_003524095.1 Clostridiales bacterium,6e98c1d2f25b81e8fa35305dfe80aaa1,0.007936507936507936,10000,566,20290000,outputs.mapping/bams.cds.rand/SRR14369219.x.s__Prevotella sp000434975.fastq.gz,SRR14369219.x.s__Prevotella sp000434975,07a94e46,46610000,51,DNA,10000,4661,True,0.8473621035226538,0.9095283986940155,0.8784452511083347,0.9095283986940155,True,1,22009,25142,d__Bacteria;p__Bacillota;c__Clostridia;o__Christensenellales;f__UBA1242;g__UBA11490;s__UBA11490 sp003524095
2300000,0.04934563398412358,0.0038022813688212928,0.00021454623471358077,3.977408320738207e-05,1.0,1.0,0.0,/group/ctbrowngrp5/sourmash-db.new/gtdb-rs226/gtdb-rs226-k51.dna.rocksdb,GCA_034100625.1 Prevotella sp.,36dc10425a91759539ad88fafbf9a02c,0.8745247148288974,10000,567,20280000,outputs.mapping/bams.cds.rand/SRR14369219.x.s__Prevotella sp000434975.fastq.gz,SRR14369219.x.s__Prevotella sp000434975,07a94e46,46610000,51,DNA,10000,4661,True,0.9427085069286564,0.9973745364316232,0.9700415216801398,0.9973745364316232,False,1,22010,25142,d__Bacteria;p__Bacteroidota;c__Bacteroidia;o__Bacteroidales;f__Bacteroidaceae;g__Prevotella;s__Prevotella sp000434975
100000,0.002145462347135808,0.004484304932735426,0.00021454623471358077,3.977408320738207e-05,1.0,1.0,0.0,/group/ctbrowngrp5/sourmash-db.new/gtdb-rs226/gtdb-rs226-k51.dna.rocksdb,GCA_934201545.1 uncultured Prevotella sp.,aaff461ec9b031175689657738edf268,0.04484304932735426,10000,568,20270000,outputs.mapping/bams.cds.rand/SRR14369219.x.s__Prevotella sp000434975.fastq.gz,SRR14369219.x.s__Prevotella sp000434975,07a94e46,46610000,51,DNA,10000,4661,True,0.8864962041104325,0.9409415570571609,0.9137188805837967,0.9409415570571609,False,1,22011,25142,d__Bacteria;p__Bacteroidota;c__Bacteroidia;o__Bacteroidales;f__Bacteroidaceae;g__Prevotella;s__Prevotella sp900553155
20000,0.00042909246942716153,0.002932551319648094,0.00021454623471358077,3.977408320738207e-05,1.0,1.0,0.0,/group/ctbrowngrp5/sourmash-db.new/gtdb-rs226/gtdb-rs226-k51.dna.rocksdb,GCA_004563195.1 bacterium,2f5a6033e650c2b0069078b7bb5f3909,0.005865102639296188,10000,569,20260000,outputs.mapping/bams.cds.rand/SRR14369219.x.s__Prevotella sp000434975.fastq.gz,SRR14369219.x.s__Prevotella sp000434975,07a94e46,46610000,51,DNA,10000,4661,True,0.8589573220844791,0.9041504407995591,0.8815538814420191,0.9041504407995591,True,1,22012,25142,d__Bacteria;p__Bacteroidota;c__Bacteroidia;o__Bacteroidales;f__Muribaculaceae;g__SFTJ01;s__SFTJ01 sp004563195
1540000,0.03304012014589144,0.0031446540880503146,0.00021454623471358077,7.954816641476414e-05,2.0,2.0,0.0,/group/ctbrowngrp5/sourmash-db.new/gtdb-rs226/gtdb-rs226-k51.dna.rocksdb,GCA_938021855.1 uncultured Bacteroidales bacterium,36c5db6cdd8838a49742bd23a5589476,0.48427672955974843,10000,570,20250000,outputs.mapping/bams.cds.rand/SRR14369219.x.s__Prevotella sp000434975.fastq.gz,SRR14369219.x.s__Prevotella sp000434975,07a94e46,46610000,51,DNA,10000,4661,True,0.935322970675396,0.9858829699635665,0.9606029703194813,0.9858829699635665,False,2,22014,25142,d__Bacteria;p__Bacteroidota;c__Bacteroidia;o__Bacteroidales;f__Bacteroidaceae;g__Prevotella;s__Prevotella sp000434975
30000,0.0006436387041407423,0.0044444444444444444,0.00021454623471358077,7.954816641476414e-05,2.0,2.0,0.0,/group/ctbrowngrp5/sourmash-db.new/gtdb-rs226/gtdb-rs226-k51.dna.rocksdb,GCA_034118505.1 Sodaliphilus sp.,f720e5b93cdd031db5c7b464137c30a2,0.013333333333333334,10000,571,20240000,outputs.mapping/bams.cds.rand/SRR14369219.x.s__Prevotella sp000434975.fastq.gz,SRR14369219.x.s__Prevotella sp000434975,07a94e46,46610000,51,DNA,10000,4661,True,0.8658135054815657,0.9188277284150211,0.8923206169482933,0.9188277284150211,True,2,22016,25142,d__Bacteria;p__Bacteroidota;c__Bacteroidia;o__Bacteroidales;f__Muribaculaceae;g__Sodaliphilus;s__Sodaliphilus sp004557565
350000,0.007509118214975327,0.003937007874015748,0.00021454623471358077,3.977408320738207e-05,1.0,1.0,0.0,/group/ctbrowngrp5/sourmash-db.new/gtdb-rs226/gtdb-rs226-k51.dna.rocksdb,GCA_945876765.1 uncultured Prevotella sp.,3ceda1776b0e375e923f4bc8ecf347dd,0.1377952755905512,10000,572,20230000,outputs.mapping/bams.cds.rand/SRR14369219.x.s__Prevotella sp000434975.fastq.gz,SRR14369219.x.s__Prevotella sp000434975,07a94e46,46610000,51,DNA,10000,4661,True,0.9085417334147434,0.9618829833751446,0.935212358394944,0.9618829833751446,False,1,22017,25142,d__Bacteria;p__Bacteroidota;c__Bacteroidia;o__Bacteroidales;f__Bacteroidaceae;g__Prevotella;s__Prevotella sp945863825
170000,0.0036472859901308732,0.0038461538461538464,0.00021454623471358077,0.00015909633282952827,4.0,4.0,0.0,/group/ctbrowngrp5/sourmash-db.new/gtdb-rs226/gtdb-rs226-k51.dna.rocksdb,GCF_021616235.1 Leyella stercorea,b822d840a645ff89f4c1802acc21eed1,0.06538461538461539,10000,573,20220000,outputs.mapping/bams.cds.rand/SRR14369219.x.s__Prevotella sp000434975.fastq.gz,SRR14369219.x.s__Prevotella sp000434975,07a94e46,46610000,51,DNA,10000,4661,True,0.8957678819889173,0.9479251170197388,0.9218464995043281,0.9479251170197388,False,4,22021,25142,d__Bacteria;p__Bacteroidota;c__Bacteroidia;o__Bacteroidales;f__Bacteroidaceae;g__Prevotella;s__Prevotella stercorea
40000,0.0008581849388543231,0.0036496350364963502,0.00021454623471358077,3.977408320738207e-05,1.0,1.0,0.0,/group/ctbrowngrp5/sourmash-db.new/gtdb-rs226/gtdb-rs226-k51.dna.rocksdb,GCA_021632745.1 Prevotellaceae bacterium,316d0e887564b65471d44a2cb1d30581,0.014598540145985401,10000,574,20210000,outputs.mapping/bams.cds.rand/SRR14369219.x.s__Prevotella sp000434975.fastq.gz,SRR14369219.x.s__Prevotella sp000434975,07a94e46,46610000,51,DNA,10000,4661,True,0.8707112084613239,0.9204624308026939,0.8955868196320089,0.9204624308026939,True,1,22022,25142,d__Bacteria;p__Bacteroidota;c__Bacteroidia;o__Bacteroidales;f__Bacteroidaceae;g__Alloprevotella;s__Alloprevotella timonensis
280000,0.006007294571980262,0.003472222222222222,0.00021454623471358077,0.00023864449924429243,6.0,6.0,0.0,/group/ctbrowngrp5/sourmash-db.new/gtdb-rs226/gtdb-rs226-k51.dna.rocksdb,GCF_934167805.1 uncultured Prevotella sp.,e8acdafb2ad55d76d21855a6ff782908,0.09722222222222222,10000,575,20200000,outputs.mapping/bams.cds.rand/SRR14369219.x.s__Prevotella sp000434975.fastq.gz,SRR14369219.x.s__Prevotella sp000434975,07a94e46,46610000,51,DNA,10000,4661,True,0.9045752166525355,0.9553274693356504,0.9299513429940929,0.9553274693356504,False,6,22028,25142,d__Bacteria;p__Bacteroidota;c__Bacteroidia;o__Bacteroidales;f__Bacteroidaceae;g__Prevotella;s__Prevotella pectinovora
10000,0.00021454623471358077,6.242197253433208e-05,0.00021454623471358077,3.977408320738207e-05,1.0,1.0,0.0,/group/ctbrowngrp5/sourmash-db.new/ncbi-euks-2025.01/ncbi-euks-all-2025.01-k51.dna.rocksdb,GCA_964291765.1 Carabus banonii,d1f3d172b141c2794977078ce279d0f2,6.242197253433208e-05,10000,576,20190000,outputs.mapping/bams.cds.rand/SRR14369219.x.s__Prevotella sp000434975.fastq.gz,SRR14369219.x.s__Prevotella sp000434975,07a94e46,46610000,51,DNA,10000,4661,True,0.8473621035226538,0.8270954601396325,0.8372287818311432,0.8473621035226538,True,1,22029,25142,Eukaryota;Arthropoda;Insecta;Coleoptera;Carabidae;Carabus;Carabus banonii;unclassified Carabus banonii subspecies/strain
10000,0.00021454623471358077,3.875187946615411e-06,0.00021454623471358077,3.977408320738207e-05,1.0,1.0,0.0,/group/ctbrowngrp5/sourmash-db.new/ncbi-euks-2025.01/ncbi-euks-all-2025.01-k51.dna.rocksdb,GCA_963573925.1 Goeldi's marmoset (Callimico goeldii),79f13bc422cfed2a849966607d5788f7,3.875187946615411e-06,10000,577,20180000,outputs.mapping/bams.cds.rand/SRR14369219.x.s__Prevotella sp000434975.fastq.gz,SRR14369219.x.s__Prevotella sp000434975,07a94e46,46610000,51,DNA,10000,4661,True,0.8473621035226538,0.7832277992110136,0.8152949513668337,0.8473621035226538,True,1,22030,25142,Eukaryota;Chordata;Mammalia;Primates;Cebidae;Callimico;Callimico goeldii;unclassified Callimico goeldii subspecies/strain
