intersect_bp,f_orig_query,f_match,f_unique_to_query,f_unique_weighted,average_abund,median_abund,std_abund,filename,name,md5,f_match_orig,unique_intersect_bp,gather_result_rank,remaining_bp,query_filename,query_name,query_md5,query_bp,ksize,moltype,scaled,query_n_hashes,query_abundance,query_containment_ani,match_containment_ani,average_containment_ani,max_containment_ani,potential_false_negative,n_unique_weighted_found,sum_weighted_found,total_weighted_hashes,lineage
710000,0.042617046818727494,0.3497536945812808,0.042617046818727494,0.03434206052363142,5.690140845070423,1.0,21.668820690591534,/group/ctbrowngrp5/sourmash-db.new/gtdb-rs226/gtdb-rs226-k51.dna.rocksdb,GCF_009695905.1 Mogibacterium kristiansenii,aa4bcf5cd06035d4058a26c9ebece50a,0.3497536945812808,710000,0,15950000,outputs.mapping/bams.cds.rand/SRR8960968.x.s__Mogibacterium_A kristiansenii.fastq.gz,SRR8960968.x.s__Mogibacterium_A kristiansenii,d69f9a74,16660000,51,DNA,10000,1666,True,0.9400026659900702,0.9796121499410103,0.9598074079655403,0.9796121499410103,False,404,404,11764,d__Bacteria;p__Bacillota;c__Clostridia;o__Peptostreptococcales;f__Anaerovoracaceae;g__Mogibacterium_A;s__Mogibacterium_A kristiansenii
160000,0.009603841536614645,0.03968253968253968,0.00900360144057623,0.08270996259775587,64.86666666666666,36.0,111.59442439277849,/group/ctbrowngrp5/sourmash-db.new/gtdb-rs226/gtdb-rs226-k51.dna.rocksdb,GCF_040096555.1 Coprococcus intestinihominis,b0eaca5ba589f9715c39079e7665ea4d,0.042328042328042326,150000,1,15800000,outputs.mapping/bams.cds.rand/SRR8960968.x.s__Mogibacterium_A kristiansenii.fastq.gz,SRR8960968.x.s__Mogibacterium_A kristiansenii,d69f9a74,16660000,51,DNA,10000,1666,True,0.9129355054027152,0.9398772572157515,0.9264063813092334,0.9398772572157515,False,973,1377,11764,d__Bacteria;p__Bacillota;c__Clostridia;o__Lachnospirales;f__Lachnospiraceae;g__Coprococcus_A;s__Coprococcus_A intestinihominis
140000,0.008403361344537815,0.02927927927927928,0.0078031212484993995,0.03952737164229854,35.76923076923077,8.0,60.86195457585058,/group/ctbrowngrp5/sourmash-db.new/gtdb-rs226/gtdb-rs226-k51.dna.rocksdb,GCF_020731525.1 Roseburia inulinivorans DSM 16841,b1e9f68d57ff5c0cb20a4cb3ad79b686,0.03153153153153153,130000,2,15670000,outputs.mapping/bams.cds.rand/SRR8960968.x.s__Mogibacterium_A kristiansenii.fastq.gz,SRR8960968.x.s__Mogibacterium_A kristiansenii,d69f9a74,16660000,51,DNA,10000,1666,True,0.9105483270059616,0.9344662674235421,0.9225072972147519,0.9344662674235421,False,465,1842,11764,d__Bacteria;p__Bacillota;c__Clostridia;o__Lachnospirales;f__Lachnospiraceae;g__Roseburia;s__Roseburia inulinivorans
670000,0.040216086434573826,0.07142857142857142,0.0078031212484993995,0.0016150969058143488,1.4615384615384615,1.0,0.6343239424027171,/group/ctbrowngrp5/sourmash-db.new/gtdb-rs226/gtdb-rs226-k51.dna.rocksdb,GCF_937976225.1 uncultured Mogibacterium sp.,eda441da348b673c2c5767240ebc7255,0.36813186813186816,130000,3,15540000,outputs.mapping/bams.cds.rand/SRR8960968.x.s__Mogibacterium_A kristiansenii.fastq.gz,SRR8960968.x.s__Mogibacterium_A kristiansenii,d69f9a74,16660000,51,DNA,10000,1666,True,0.9389344855883099,0.9805963289159892,0.9597654072521495,0.9805963289159892,False,19,1861,11764,d__Bacteria;p__Bacillota;c__Clostridia;o__Peptostreptococcales;f__Anaerovoracaceae;g__Mogibacterium_A;s__Mogibacterium_A kristiansenii
110000,0.006602641056422569,0.03151862464183381,0.006602641056422569,0.07114926895613737,76.0909090909091,2.0,222.70504527307557,/group/ctbrowngrp5/sourmash-db.new/gtdb-rs226/gtdb-rs226-k51.dna.rocksdb,GCF_027689445.1 Gemmiger qucibialis,ee43016b06e74eedbf2511f0742ade31,0.03151862464183381,110000,4,15430000,outputs.mapping/bams.cds.rand/SRR8960968.x.s__Mogibacterium_A kristiansenii.fastq.gz,SRR8960968.x.s__Mogibacterium_A kristiansenii,d69f9a74,16660000,51,DNA,10000,1666,True,0.9062528105085715,0.9344587657675754,0.9203557881380735,0.9344587657675754,False,837,2698,11764,d__Bacteria;p__Bacillota;c__Clostridia;o__Oscillospirales;f__Ruminococcaceae;g__Gemmiger;s__Gemmiger qucibialis
100000,0.006002400960384154,0.044444444444444446,0.006002400960384154,0.005780346820809248,6.8,2.5,7.9473265945222105,/group/ctbrowngrp5/sourmash-db.new/gtdb-rs226/gtdb-rs226-k51.dna.rocksdb,GCA_945864945.1 uncultured bacterium,a85a13152b1fe03742052de93510692a,0.044444444444444446,100000,5,15330000,outputs.mapping/bams.cds.rand/SRR8960968.x.s__Mogibacterium_A kristiansenii.fastq.gz,SRR8960968.x.s__Mogibacterium_A kristiansenii,d69f9a74,16660000,51,DNA,10000,1666,True,0.9045607623028264,0.9407768397170957,0.9226688010099611,0.9407768397170957,False,68,2766,11764,d__Bacteria;p__Bacillota;c__Clostridia;o__Lachnospirales;f__Lachnospiraceae;g__Bariatricus;s__Bariatricus sp004560705
120000,0.007202881152460984,0.036734693877551024,0.005402160864345739,0.0034002040122407345,4.444444444444445,3.0,3.890475866669244,/group/ctbrowngrp5/sourmash-db.new/gtdb-rs226/gtdb-rs226-k51.dna.rocksdb,GCA_004559325.1 bacterium,1233462b0e3f0bfb40fa4e874dd5742d,0.04897959183673469,90000,6,15240000,outputs.mapping/bams.cds.rand/SRR8960968.x.s__Mogibacterium_A kristiansenii.fastq.gz,SRR8960968.x.s__Mogibacterium_A kristiansenii,d69f9a74,16660000,51,DNA,10000,1666,True,0.9078002930594178,0.9425708894195868,0.9251855912395023,0.9425708894195868,False,40,2806,11764,d__Bacteria;p__Bacillota;c__Clostridia;o__Oscillospirales;f__Ruminococcaceae;g__Faecalibacterium;s__Faecalibacterium prausnitzii_E
80000,0.004801920768307323,0.022792022792022793,0.004801920768307323,0.046752805168310096,68.75,2.5,160.17939162077,/group/ctbrowngrp5/sourmash-db.new/gtdb-rs226/gtdb-rs226-k51.dna.rocksdb,GCA_028310265.1 Blautia wexlerae,3b3ebeefbb8978cf20f7e28e0f78ff7c,0.022792022792022793,80000,7,15160000,outputs.mapping/bams.cds.rand/SRR8960968.x.s__Mogibacterium_A kristiansenii.fastq.gz,SRR8960968.x.s__Mogibacterium_A kristiansenii,d69f9a74,16660000,51,DNA,10000,1666,True,0.9006116256873575,0.9285379623323562,0.9145747940098569,0.9285379623323562,False,550,3356,11764,d__Bacteria;p__Bacillota;c__Clostridia;o__Lachnospirales;f__Lachnospiraceae;g__Fusicatenibacter;s__Fusicatenibacter saccharivorans
80000,0.004801920768307323,0.03162055335968379,0.004801920768307323,0.01819109146548793,26.75,10.0,49.35775015131869,/group/ctbrowngrp5/sourmash-db.new/gtdb-rs226/gtdb-rs226-k51.dna.rocksdb,GCF_003435415.1 Faecalicoccus pleomorphus,8c1715b0824d8b3e115ca7dbb1d46701,0.03162055335968379,80000,8,15080000,outputs.mapping/bams.cds.rand/SRR8960968.x.s__Mogibacterium_A kristiansenii.fastq.gz,SRR8960968.x.s__Mogibacterium_A kristiansenii,d69f9a74,16660000,51,DNA,10000,1666,True,0.9006116256873575,0.9345179262523549,0.9175647759698562,0.9345179262523549,False,214,3570,11764,d__Bacteria;p__Bacillota;c__Bacilli;o__Erysipelotrichales;f__Erysipelotrichaceae;g__Faecalicoccus;s__Faecalicoccus sp900546545
80000,0.004801920768307323,0.0221606648199446,0.004801920768307323,0.023546412784767087,34.625,7.5,57.96105912593385,/group/ctbrowngrp5/sourmash-db.new/gtdb-rs226/gtdb-rs226-k51.dna.rocksdb,GCF_022773175.1 Blautia sp.,c0d5f5a2ddcc47af637d94899fac95d6,0.0221606648199446,80000,9,15000000,outputs.mapping/bams.cds.rand/SRR8960968.x.s__Mogibacterium_A kristiansenii.fastq.gz,SRR8960968.x.s__Mogibacterium_A kristiansenii,d69f9a74,16660000,51,DNA,10000,1666,True,0.9006116256873575,0.9280266474356654,0.9143191365615115,0.9280266474356654,False,277,3847,11764,d__Bacteria;p__Bacillota;c__Clostridia;o__Lachnospirales;f__Lachnospiraceae;g__Blautia_A;s__Blautia_A sp018919065
80000,0.004801920768307323,0.020114942528735632,0.004201680672268907,0.0051003060183611015,8.571428571428571,3.0,15.31439232372274,/group/ctbrowngrp5/sourmash-db.new/gtdb-rs226/gtdb-rs226-k51.dna.rocksdb,GCA_003461025.1 Ruminococcus sp. AF25-13,493fdb2c271f7be316a6542ec3210356,0.022988505747126436,70000,10,14930000,outputs.mapping/bams.cds.rand/SRR8960968.x.s__Mogibacterium_A kristiansenii.fastq.gz,SRR8960968.x.s__Mogibacterium_A kristiansenii,d69f9a74,16660000,51,DNA,10000,1666,True,0.9006116256873575,0.9286942565020055,0.9146529410946815,0.9286942565020055,False,60,3907,11764,d__Bacteria;p__Bacillota;c__Clostridia;o__Lachnospirales;f__Lachnospiraceae;g__Mediterraneibacter;s__Mediterraneibacter faecis
70000,0.004201680672268907,0.020588235294117647,0.004201680672268907,0.0010200612036722204,1.7142857142857142,1.0,1.0301575072754254,/group/ctbrowngrp5/sourmash-db.new/gtdb-rs226/gtdb-rs226-k51.dna.rocksdb,GCF_034113965.1 Anaerobutyricum hallii,0e2c9c5eec5699cdc6892c671870422e,0.020588235294117647,70000,11,14860000,outputs.mapping/bams.cds.rand/SRR8960968.x.s__Mogibacterium_A kristiansenii.fastq.gz,SRR8960968.x.s__Mogibacterium_A kristiansenii,d69f9a74,16660000,51,DNA,10000,1666,True,0.8982566722388579,0.9266883607448828,0.9124725164918703,0.9266883607448828,False,12,3919,11764,d__Bacteria;p__Bacillota;c__Clostridia;o__Lachnospirales;f__Lachnospiraceae;g__Anaerobutyricum;s__Anaerobutyricum hallii
100000,0.006002400960384154,0.026515151515151516,0.004201680672268907,0.004930295817749065,8.285714285714286,5.0,10.619581451454744,/group/ctbrowngrp5/sourmash-db.new/gtdb-rs226/gtdb-rs226-k51.dna.rocksdb,GCF_000765235.1 Oscillibacter sp. ER4,b86d494b379656b1b7a7b4d8bf763e29,0.03787878787878788,70000,12,14790000,outputs.mapping/bams.cds.rand/SRR8960968.x.s__Mogibacterium_A kristiansenii.fastq.gz,SRR8960968.x.s__Mogibacterium_A kristiansenii,d69f9a74,16660000,51,DNA,10000,1666,True,0.9045607623028264,0.9378327900791945,0.9211967761910105,0.9378327900791945,False,58,3977,11764,d__Bacteria;p__Bacillota;c__Clostridia;o__Oscillospirales;f__Oscillospiraceae;g__Hominicoprocola;s__Hominicoprocola fusiformis
110000,0.006602641056422569,0.021875,0.004201680672268907,0.007735464127847671,13.0,5.0,16.621844491082037,/group/ctbrowngrp5/sourmash-db.new/gtdb-rs226/gtdb-rs226-k51.dna.rocksdb,GCF_018784565.1 Faecalibacterium prausnitzii,a1fd411daaa415fc8647eac00ba5366f,0.034375,70000,13,14720000,outputs.mapping/bams.cds.rand/SRR8960968.x.s__Mogibacterium_A kristiansenii.fastq.gz,SRR8960968.x.s__Mogibacterium_A kristiansenii,d69f9a74,16660000,51,DNA,10000,1666,True,0.9062528105085715,0.9360496314262635,0.9211512209674175,0.9360496314262635,False,91,4068,11764,d__Bacteria;p__Bacillota;c__Clostridia;o__Oscillospirales;f__Ruminococcaceae;g__Faecalibacterium;s__Faecalibacterium duncaniae
100000,0.006002400960384154,0.018518518518518517,0.004201680672268907,0.017086025161509692,28.714285714285715,6.0,32.14126980207527,/group/ctbrowngrp5/sourmash-db.new/gtdb-rs226/gtdb-rs226-k51.dna.rocksdb,GCA_004552745.1 Bacteroidales bacterium,3e08b90199a5db83c0a22b1dda3b56da,0.026455026455026454,70000,14,14650000,outputs.mapping/bams.cds.rand/SRR8960968.x.s__Mogibacterium_A kristiansenii.fastq.gz,SRR8960968.x.s__Mogibacterium_A kristiansenii,d69f9a74,16660000,51,DNA,10000,1666,True,0.9045607623028264,0.9312553660437812,0.9179080641733038,0.9312553660437812,False,201,4269,11764,d__Bacteria;p__Bacteroidota;c__Bacteroidia;o__Bacteroidales;f__UBA932;g__Cryptobacteroides;s__Cryptobacteroides sp000433355
70000,0.004201680672268907,0.018617021276595744,0.004201680672268907,0.009435566133968037,15.857142857142858,3.0,21.263171188221005,/group/ctbrowngrp5/sourmash-db.new/gtdb-rs226/gtdb-rs226-k51.dna.rocksdb,GCA_037065365.1 Prevotella sp.,605b0cec1d5e057a79649508b53f6ab4,0.018617021276595744,70000,15,14580000,outputs.mapping/bams.cds.rand/SRR8960968.x.s__Mogibacterium_A kristiansenii.fastq.gz,SRR8960968.x.s__Mogibacterium_A kristiansenii,d69f9a74,16660000,51,DNA,10000,1666,True,0.8982566722388579,0.9248614348712247,0.9115590535550413,0.9248614348712247,False,111,4380,11764,d__Bacteria;p__Bacteroidota;c__Bacteroidia;o__Bacteroidales;f__Bacteroidaceae;g__Prevotella;s__Prevotella sp900546535
70000,0.004201680672268907,0.02287581699346405,0.004201680672268907,0.007055423325399524,11.857142857142858,12.0,9.295599134284252,/group/ctbrowngrp5/sourmash-db.new/gtdb-rs226/gtdb-rs226-k51.dna.rocksdb,GCF_022786255.1 Blautia massiliensis (ex Durand et al. 2017),3dc72b0ac99fffc0397410b696f314e5,0.02287581699346405,70000,16,14510000,outputs.mapping/bams.cds.rand/SRR8960968.x.s__Mogibacterium_A kristiansenii.fastq.gz,SRR8960968.x.s__Mogibacterium_A kristiansenii,d69f9a74,16660000,51,DNA,10000,1666,True,0.8982566722388579,0.928604778120225,0.9134307251795415,0.928604778120225,False,83,4463,11764,d__Bacteria;p__Bacillota;c__Clostridia;o__Lachnospirales;f__Lachnospiraceae;g__Blautia_A;s__Blautia_A fusiformis
130000,0.0078031212484993995,0.01048951048951049,0.003601440576230492,0.001955117307038422,3.8333333333333335,4.0,2.5440562537456244,/group/ctbrowngrp5/sourmash-db.new/gtdb-rs226/gtdb-rs226-k51.dna.rocksdb,GCF_000371545.1 [Clostridium] clostridioforme 90A6,b360ac44cb0bacf1a9cb01b1903c7c7c,0.022727272727272728,60000,17,14450000,outputs.mapping/bams.cds.rand/SRR8960968.x.s__Mogibacterium_A kristiansenii.fastq.gz,SRR8960968.x.s__Mogibacterium_A kristiansenii,d69f9a74,16660000,51,DNA,10000,1666,True,0.9092261723569888,0.9284861667955484,0.9188561695762686,0.9284861667955484,False,23,4486,11764,d__Bacteria;p__Bacillota;c__Clostridia;o__Lachnospirales;f__Lachnospiraceae;g__Enterocloster;s__Enterocloster clostridioformis
610000,0.036614645858343335,0.036585365853658534,0.003601440576230492,0.0011900714042842571,2.3333333333333335,2.0,1.699673171197595,/group/ctbrowngrp5/sourmash-db.new/gtdb-rs226/gtdb-rs226-k51.dna.rocksdb,GCF_029224645.1 Mogibacterium kristiansenii,526b9810d9b1c1d15332779db9da4b61,0.3719512195121951,60000,18,14390000,outputs.mapping/bams.cds.rand/SRR8960968.x.s__Mogibacterium_A kristiansenii.fastq.gz,SRR8960968.x.s__Mogibacterium_A kristiansenii,d69f9a74,16660000,51,DNA,10000,1666,True,0.9372088249964363,0.9807948044692073,0.9590018147328219,0.9807948044692073,False,14,4500,11764,d__Bacteria;p__Bacillota;c__Clostridia;o__Peptostreptococcales;f__Anaerovoracaceae;g__Mogibacterium_A;s__Mogibacterium_A kristiansenii
60000,0.003601440576230492,0.021739130434782608,0.003001200480192077,0.002040122407344441,4.8,6.0,2.4819347291981715,/group/ctbrowngrp5/sourmash-db.new/gtdb-rs226/gtdb-rs226-k51.dna.rocksdb,GCA_946614955.1 uncultured Clostridia bacterium,8cd5f84e3e6ec8ead76569542d6185bb,0.02608695652173913,50000,19,14340000,outputs.mapping/bams.cds.rand/SRR8960968.x.s__Mogibacterium_A kristiansenii.fastq.gz,SRR8960968.x.s__Mogibacterium_A kristiansenii,d69f9a74,16660000,51,DNA,10000,1666,True,0.895545734494193,0.9309995663962236,0.9132726504452082,0.9309995663962236,True,24,4524,11764,d__Bacteria;p__Bacillota;c__Clostridia;o__Oscillospirales;f__Ruminococcaceae;g__UBA3818;s__UBA3818 sp002369315
60000,0.003601440576230492,0.023474178403755867,0.003001200480192077,0.001870112206732404,4.4,3.0,4.454211490264018,/group/ctbrowngrp5/sourmash-db.new/gtdb-rs226/gtdb-rs226-k51.dna.rocksdb,GCA_934881585.1 uncultured bacterium,24eb261643df56db58f27971bfd85dd8,0.028169014084507043,50000,20,14290000,outputs.mapping/bams.cds.rand/SRR8960968.x.s__Mogibacterium_A kristiansenii.fastq.gz,SRR8960968.x.s__Mogibacterium_A kristiansenii,d69f9a74,16660000,51,DNA,10000,1666,True,0.895545734494193,0.9324023632963201,0.9139740488952566,0.9324023632963201,True,22,4546,11764,d__Bacteria;p__Bacillota;c__Clostridia;o__Oscillospirales;f__Oscillospiraceae;g__Vescimonas;s__Vescimonas coprocola
70000,0.004201680672268907,0.011990407673860911,0.003001200480192077,0.002890173410404624,6.8,3.0,8.304215796810679,/group/ctbrowngrp5/sourmash-db.new/gtdb-rs226/gtdb-rs226-k51.dna.rocksdb,GCA_022733715.1 Prevotella sp.,01917aa9144095cbc284ae6ea3d0125c,0.016786570743405275,50000,21,14240000,outputs.mapping/bams.cds.rand/SRR8960968.x.s__Mogibacterium_A kristiansenii.fastq.gz,SRR8960968.x.s__Mogibacterium_A kristiansenii,d69f9a74,16660000,51,DNA,10000,1666,True,0.8982566722388579,0.922986466307675,0.9106215692732664,0.922986466307675,False,34,4580,11764,d__Bacteria;p__Bacteroidota;c__Bacteroidia;o__Bacteroidales;f__Bacteroidaceae;g__Prevotella;s__Prevotella sp900313215
100000,0.006002400960384154,0.011764705882352941,0.003001200480192077,0.0011900714042842571,2.8,3.0,1.8330302779823362,/group/ctbrowngrp5/sourmash-db.new/gtdb-rs226/gtdb-rs226-k51.dna.rocksdb,GCA_022720675.1 Lachnospiraceae bacterium,3cc74962a012ffb0030e44f83c26f956,0.023529411764705882,50000,22,14190000,outputs.mapping/bams.cds.rand/SRR8960968.x.s__Mogibacterium_A kristiansenii.fastq.gz,SRR8960968.x.s__Mogibacterium_A kristiansenii,d69f9a74,16660000,51,DNA,10000,1666,True,0.9045607623028264,0.9291178533590388,0.9168393078309327,0.9291178533590388,False,14,4594,11764,d__Bacteria;p__Bacillota;c__Clostridia;o__Lachnospirales;f__Lachnospiraceae;g__Ruminococcus_B;s__Ruminococcus_B gnavus
80000,0.004801920768307323,0.014705882352941176,0.003001200480192077,0.0017851071064263857,4.2,2.0,4.019950248448357,/group/ctbrowngrp5/sourmash-db.new/gtdb-rs226/gtdb-rs226-k51.dna.rocksdb,GCA_027689515.1 Oscillospiraceae bacterium TM11-13A,78b7e6180cdb7b5fb92beeb67f969509,0.023529411764705882,50000,23,14140000,outputs.mapping/bams.cds.rand/SRR8960968.x.s__Mogibacterium_A kristiansenii.fastq.gz,SRR8960968.x.s__Mogibacterium_A kristiansenii,d69f9a74,16660000,51,DNA,10000,1666,True,0.9006116256873575,0.9291178533590388,0.9148647395231981,0.9291178533590388,False,21,4615,11764,d__Bacteria;p__Bacillota;c__Clostridia;o__Oscillospirales;f__Oscillospiraceae;g__Hominicoprocola;s__Hominicoprocola fusiformis
90000,0.005402160864345739,0.013927576601671309,0.003001200480192077,0.0007650459027541653,1.8,1.0,1.1661903789690602,/group/ctbrowngrp5/sourmash-db.new/gtdb-rs226/gtdb-rs226-k51.dna.rocksdb,GCF_025567385.1 Dorea acetigenes,f4d9c8091ea5e43ddcaded51bd0fae5f,0.025069637883008356,50000,24,14090000,outputs.mapping/bams.cds.rand/SRR8960968.x.s__Mogibacterium_A kristiansenii.fastq.gz,SRR8960968.x.s__Mogibacterium_A kristiansenii,d69f9a74,16660000,51,DNA,10000,1666,True,0.9026939660050095,0.9302737068728482,0.9164838364389288,0.9302737068728482,False,9,4624,11764,d__Bacteria;p__Bacillota;c__Clostridia;o__Lachnospirales;f__Lachnospiraceae;g__Claveliimonas;s__Claveliimonas acetigenes
70000,0.004201680672268907,0.01773049645390071,0.003001200480192077,0.009010540632437947,21.2,11.0,28.315366852647344,/group/ctbrowngrp5/sourmash-db.new/gtdb-rs226/gtdb-rs226-k51.dna.rocksdb,GCF_951792925.1 Faecalibacterium prausnitzii,796ef7ff3b6279db0a5ed6c62b57d514,0.024822695035460994,50000,25,14040000,outputs.mapping/bams.cds.rand/SRR8960968.x.s__Mogibacterium_A kristiansenii.fastq.gz,SRR8960968.x.s__Mogibacterium_A kristiansenii,d69f9a74,16660000,51,DNA,10000,1666,True,0.8982566722388579,0.9300931580734552,0.9141749151561565,0.9300931580734552,False,106,4730,11764,d__Bacteria;p__Bacillota;c__Clostridia;o__Oscillospirales;f__Ruminococcaceae;g__Faecalibacterium;s__Faecalibacterium prausnitzii_E
100000,0.006002400960384154,0.016835016835016835,0.003001200480192077,0.00986059163549813,23.2,20.0,22.90327487500423,/group/ctbrowngrp5/sourmash-db.new/gtdb-rs226/gtdb-rs226-k51.dna.rocksdb,GCF_009696065.1 Oliverpabstia intestinalis,73677b2e91ab00f52564bad2dbf630bb,0.03367003367003367,50000,26,13990000,outputs.mapping/bams.cds.rand/SRR8960968.x.s__Mogibacterium_A kristiansenii.fastq.gz,SRR8960968.x.s__Mogibacterium_A kristiansenii,d69f9a74,16660000,51,DNA,10000,1666,True,0.9045607623028264,0.9356693912934014,0.9201150767981139,0.9356693912934014,False,116,4846,11764,d__Bacteria;p__Bacillota;c__Clostridia;o__Lachnospirales;f__Lachnospiraceae;g__Oliverpabstia;s__Oliverpabstia intestinalis
80000,0.004801920768307323,0.016891891891891893,0.003001200480192077,0.0006800408024481469,1.6,1.0,0.8,/group/ctbrowngrp5/sourmash-db.new/gtdb-rs226/gtdb-rs226-k51.dna.rocksdb,GCF_022772165.1 Flintibacter sp.,aeb0e92623902e0d51063c804fcc19a5,0.02702702702702703,50000,27,13940000,outputs.mapping/bams.cds.rand/SRR8960968.x.s__Mogibacterium_A kristiansenii.fastq.gz,SRR8960968.x.s__Mogibacterium_A kristiansenii,d69f9a74,16660000,51,DNA,10000,1666,True,0.9006116256873575,0.9316460491565735,0.9161288374219655,0.9316460491565735,False,8,4854,11764,d__Bacteria;p__Bacillota;c__Clostridia;o__Oscillospirales;f__Oscillospiraceae;g__Lawsonibacter;s__Lawsonibacter sp000177015
40000,0.0024009603841536613,0.012779552715654952,0.0024009603841536613,0.0047602856171370285,14.0,10.5,13.019216566291536,/group/ctbrowngrp5/sourmash-db.new/gtdb-rs226/gtdb-rs226-k51.dna.rocksdb,GCF_009696445.1 Porcincola intestinalis,20cfded4b6f51389851ca831c5c4e9c1,0.012779552715654952,40000,28,13900000,outputs.mapping/bams.cds.rand/SRR8960968.x.s__Mogibacterium_A kristiansenii.fastq.gz,SRR8960968.x.s__Mogibacterium_A kristiansenii,d69f9a74,16660000,51,DNA,10000,1666,True,0.8884541082290704,0.9180637848022833,0.9032589465156768,0.9180637848022833,True,56,4910,11764,d__Bacteria;p__Bacillota;c__Clostridia;o__Lachnospirales;f__Lachnospiraceae;g__Porcincola;s__Porcincola intestinalis
60000,0.003601440576230492,0.016666666666666666,0.0024009603841536613,0.0004250255015300918,1.25,1.0,0.4330127018922193,/group/ctbrowngrp5/sourmash-db.new/gtdb-rs226/gtdb-rs226-k51.dna.rocksdb,GCA_034099845.1 Faecousia sp.,5f934a406218ceb63e362d93f2fbd61c,0.025,40000,29,13860000,outputs.mapping/bams.cds.rand/SRR8960968.x.s__Mogibacterium_A kristiansenii.fastq.gz,SRR8960968.x.s__Mogibacterium_A kristiansenii,d69f9a74,16660000,51,DNA,10000,1666,True,0.895545734494193,0.9302229692504613,0.9128843518723271,0.9302229692504613,True,5,4915,11764,d__Bacteria;p__Bacillota;c__Clostridia;o__Oscillospirales;f__Oscillospiraceae;g__Faecousia;s__Faecousia sp034099845
60000,0.003601440576230492,0.015444015444015444,0.0024009603841536613,0.003910234614076844,11.5,11.5,7.826237921249264,/group/ctbrowngrp5/sourmash-db.new/gtdb-rs226/gtdb-rs226-k51.dna.rocksdb,GCA_004557705.1 Bacteroidales bacterium,c09c2436c42f9a1ed34d95dd06289b0c,0.023166023166023165,40000,30,13820000,outputs.mapping/bams.cds.rand/SRR8960968.x.s__Mogibacterium_A kristiansenii.fastq.gz,SRR8960968.x.s__Mogibacterium_A kristiansenii,d69f9a74,16660000,51,DNA,10000,1666,True,0.895545734494193,0.9288343423055333,0.9121900383998631,0.9288343423055333,True,46,4961,11764,d__Bacteria;p__Bacteroidota;c__Bacteroidia;o__Bacteroidales;f__Bacteroidaceae;g__Prevotella;s__Prevotella pectinovora
50000,0.003001200480192077,0.017467248908296942,0.0024009603841536613,0.0011050663039782387,3.25,2.0,2.7726341266023544,/group/ctbrowngrp5/sourmash-db.new/gtdb-rs226/gtdb-rs226-k51.dna.rocksdb,GCA_938044365.1 uncultured Oscillibacter sp.,198e45ce93b21e8224f2a3ca039d5fed,0.021834061135371178,40000,31,13780000,outputs.mapping/bams.cds.rand/SRR8960968.x.s__Mogibacterium_A kristiansenii.fastq.gz,SRR8960968.x.s__Mogibacterium_A kristiansenii,d69f9a74,16660000,51,DNA,10000,1666,True,0.8923499347428504,0.9277565095532941,0.9100532221480723,0.9277565095532941,True,13,4974,11764,d__Bacteria;p__Bacillota;c__Clostridia;o__Oscillospirales;f__Oscillospiraceae;g__Vescimonas;s__Vescimonas sp000435975
590000,0.035414165666266505,0.022988505747126436,0.0024009603841536613,0.0005950357021421286,1.75,2.0,0.4330127018922193,/group/ctbrowngrp5/sourmash-db.new/gtdb-rs226/gtdb-rs226-k51.dna.rocksdb,GCF_022774615.1 Mogibacterium sp.,25f790e2843235b7d19ac08480cfe8a7,0.3390804597701149,40000,32,13740000,outputs.mapping/bams.cds.rand/SRR8960968.x.s__Mogibacterium_A kristiansenii.fastq.gz,SRR8960968.x.s__Mogibacterium_A kristiansenii,d69f9a74,16660000,51,DNA,10000,1666,True,0.9365964136561303,0.9790170386589747,0.9578067261575525,0.9790170386589747,False,7,4981,11764,d__Bacteria;p__Bacillota;c__Clostridia;o__Peptostreptococcales;f__Anaerovoracaceae;g__Mogibacterium_A;s__Mogibacterium_A kristiansenii
110000,0.006602641056422569,0.0125,0.0024009603841536613,0.0036552193131587896,10.75,7.0,10.848386976873567,/group/ctbrowngrp5/sourmash-db.new/gtdb-rs226/gtdb-rs226-k51.dna.rocksdb,GCA_041323075.1 Gemmiger qucibialis,e1125bc42c51f9aa85eeffa0497b49a5,0.034375,40000,33,13700000,outputs.mapping/bams.cds.rand/SRR8960968.x.s__Mogibacterium_A kristiansenii.fastq.gz,SRR8960968.x.s__Mogibacterium_A kristiansenii,d69f9a74,16660000,51,DNA,10000,1666,True,0.9062528105085715,0.9360496314262635,0.9211512209674175,0.9360496314262635,False,43,5024,11764,d__Bacteria;p__Bacillota;c__Clostridia;o__Oscillospirales;f__Ruminococcaceae;g__Gemmiger;s__Gemmiger qucibialis
70000,0.004201680672268907,0.013422818791946308,0.0024009603841536613,0.007565453927235634,22.25,3.5,33.36446462930284,/group/ctbrowngrp5/sourmash-db.new/gtdb-rs226/gtdb-rs226-k51.dna.rocksdb,GCF_020561835.1 Dorea formicigenerans,59d303c1bc3c052a1aca62cb95305570,0.02348993288590604,40000,34,13660000,outputs.mapping/bams.cds.rand/SRR8960968.x.s__Mogibacterium_A kristiansenii.fastq.gz,SRR8960968.x.s__Mogibacterium_A kristiansenii,d69f9a74,16660000,51,DNA,10000,1666,True,0.8982566722388579,0.9290872610811551,0.9136719666600065,0.9290872610811551,False,89,5113,11764,d__Bacteria;p__Bacillota;c__Clostridia;o__Lachnospirales;f__Lachnospiraceae;g__Dorea;s__Dorea formicigenerans
30000,0.001800720288115246,0.010273972602739725,0.001800720288115246,0.0015300918055083305,6.0,5.0,4.546060565661952,/group/ctbrowngrp5/sourmash-db.new/gtdb-rs226/gtdb-rs226-k51.dna.rocksdb,GCA_948500575.1 uncultured Lachnospiraceae bacterium,2b01961504ede0e8da691816b3b41c01,0.010273972602739725,30000,35,13630000,outputs.mapping/bams.cds.rand/SRR8960968.x.s__Mogibacterium_A kristiansenii.fastq.gz,SRR8960968.x.s__Mogibacterium_A kristiansenii,d69f9a74,16660000,51,DNA,10000,1666,True,0.8834566024074313,0.9141437166561762,0.8988001595318038,0.9141437166561762,True,18,5131,11764,d__Bacteria;p__Bacillota;c__Clostridia;o__Lachnospirales;f__Lachnospiraceae;g__Merdinaster;s__Merdinaster sp003979345
40000,0.0024009603841536613,0.008797653958944282,0.001800720288115246,0.03799727983679021,149.0,70.0,159.90205335350348,/group/ctbrowngrp5/sourmash-db.new/gtdb-rs226/gtdb-rs226-k51.dna.rocksdb,GCA_037370445.1 bacterium,295c6ee4430dbef4adcf97fa685811c6,0.011730205278592375,30000,36,13600000,outputs.mapping/bams.cds.rand/SRR8960968.x.s__Mogibacterium_A kristiansenii.fastq.gz,SRR8960968.x.s__Mogibacterium_A kristiansenii,d69f9a74,16660000,51,DNA,10000,1666,True,0.8884541082290704,0.9165227453081725,0.9024884267686215,0.9165227453081725,True,447,5578,11764,d__Bacteria;p__Bacillota;c__Clostridia;o__Oscillospirales;f__Oscillospiraceae;g__Vescimonas;s__Vescimonas sp900545585
40000,0.0024009603841536613,0.00967741935483871,0.001800720288115246,0.0031451887113226793,12.333333333333334,12.0,2.8674417556808756,/group/ctbrowngrp5/sourmash-db.new/gtdb-rs226/gtdb-rs226-k51.dna.rocksdb,GCA_938044495.1 uncultured Lachnospiraceae bacterium,a1af2e2ee2e8727325f1a2ee9992cc82,0.012903225806451613,30000,37,13570000,outputs.mapping/bams.cds.rand/SRR8960968.x.s__Mogibacterium_A kristiansenii.fastq.gz,SRR8960968.x.s__Mogibacterium_A kristiansenii,d69f9a74,16660000,51,DNA,10000,1666,True,0.8884541082290704,0.9182371692931076,0.903345638761089,0.9182371692931076,True,37,5615,11764,d__Bacteria;p__Bacillota;c__Clostridia;o__Lachnospirales;f__Lachnospiraceae;g__Choladousia;s__Choladousia sp902363135
30000,0.001800720288115246,0.010309278350515464,0.001800720288115246,0.0011900714042842571,4.666666666666667,2.0,4.496912521077347,/group/ctbrowngrp5/sourmash-db.new/gtdb-rs226/gtdb-rs226-k51.dna.rocksdb,GCA_018377435.1 Subdoligranulum variabile,12f2dfc967615f1b177588c117e6350d,0.010309278350515464,30000,38,13540000,outputs.mapping/bams.cds.rand/SRR8960968.x.s__Mogibacterium_A kristiansenii.fastq.gz,SRR8960968.x.s__Mogibacterium_A kristiansenii,d69f9a74,16660000,51,DNA,10000,1666,True,0.8834566024074313,0.9142052089616286,0.89883090568453,0.9142052089616286,True,14,5629,11764,d__Bacteria;p__Bacillota;c__Clostridia;o__Oscillospirales;f__Ruminococcaceae;g__Gemmiger;s__Gemmiger formicilis
50000,0.003001200480192077,0.01507537688442211,0.001800720288115246,0.0004250255015300918,1.6666666666666667,2.0,0.4714045207910317,/group/ctbrowngrp5/sourmash-db.new/gtdb-rs226/gtdb-rs226-k51.dna.rocksdb,GCA_034090225.1 Oscillospiraceae bacterium,0791749672bad4183d1408476e6dd4ab,0.02512562814070352,30000,39,13510000,outputs.mapping/bams.cds.rand/SRR8960968.x.s__Mogibacterium_A kristiansenii.fastq.gz,SRR8960968.x.s__Mogibacterium_A kristiansenii,d69f9a74,16660000,51,DNA,10000,1666,True,0.8923499347428504,0.9303144008325623,0.9113321677877064,0.9303144008325623,True,5,5634,11764,d__Bacteria;p__Bacillota;c__Clostridia;o__Oscillospirales;f__Oscillospiraceae;g__CAG-103;s__CAG-103 sp004556965
80000,0.004801920768307323,0.0070921985815602835,0.001800720288115246,0.0011900714042842571,4.666666666666667,3.0,3.8586123009300755,/group/ctbrowngrp5/sourmash-db.new/gtdb-rs226/gtdb-rs226-k51.dna.rocksdb,GCF_020687085.1 Blautia wexlerae,58bc7ebbff2d01faad6c6dd5d466428b,0.018912529550827423,30000,40,13480000,outputs.mapping/bams.cds.rand/SRR8960968.x.s__Mogibacterium_A kristiansenii.fastq.gz,SRR8960968.x.s__Mogibacterium_A kristiansenii,d69f9a74,16660000,51,DNA,10000,1666,True,0.9006116256873575,0.9251470681464024,0.9128793469168799,0.9251470681464024,False,14,5648,11764,d__Bacteria;p__Bacillota;c__Clostridia;o__Lachnospirales;f__Lachnospiraceae;g__Blautia_A;s__Blautia_A wexlerae
70000,0.004201680672268907,0.007444168734491315,0.001800720288115246,0.0011900714042842571,4.666666666666667,1.0,5.185449728701348,/group/ctbrowngrp5/sourmash-db.new/gtdb-rs226/gtdb-rs226-k51.dna.rocksdb,GCA_022782205.1 Lachnospiraceae bacterium,5d1fe08c84b2c770dab5488addf16ba5,0.017369727047146403,30000,41,13450000,outputs.mapping/bams.cds.rand/SRR8960968.x.s__Mogibacterium_A kristiansenii.fastq.gz,SRR8960968.x.s__Mogibacterium_A kristiansenii,d69f9a74,16660000,51,DNA,10000,1666,True,0.8982566722388579,0.9236047060926478,0.9109306891657528,0.9236047060926478,False,14,5662,11764,d__Bacteria;p__Bacillota;c__Clostridia;o__Lachnospirales;f__Lachnospiraceae;g__Oliverpabstia;s__Oliverpabstia sp004556655
40000,0.0024009603841536613,0.02857142857142857,0.001800720288115246,0.004505270316218973,17.666666666666668,15.0,14.817407180595247,/group/ctbrowngrp5/sourmash-db.new/gtdb-rs226/gtdb-rs226-k51.dna.rocksdb,GCA_004561445.1 bacterium,43e6a68934484b0b1d4221bb931d12f8,0.0380952380952381,30000,42,13420000,outputs.mapping/bams.cds.rand/SRR8960968.x.s__Mogibacterium_A kristiansenii.fastq.gz,SRR8960968.x.s__Mogibacterium_A kristiansenii,d69f9a74,16660000,51,DNA,10000,1666,True,0.8884541082290704,0.9379375761492127,0.9131958421891415,0.9379375761492127,True,53,5715,11764,d__Bacteria;p__Patescibacteriota;c__Saccharimonadia;o__Saccharimonadales;f__Nanosyncoccaceae;g__UBA2834;s__UBA2834 sp004561445
40000,0.0024009603841536613,0.01744186046511628,0.001800720288115246,0.0005950357021421286,2.3333333333333335,2.0,1.247219128924647,/group/ctbrowngrp5/sourmash-db.new/gtdb-rs226/gtdb-rs226-k51.dna.rocksdb,GCA_028727365.1 Dialister sp.,bd4ee25ae1f167546c3ebd76552323a8,0.023255813953488372,30000,43,13390000,outputs.mapping/bams.cds.rand/SRR8960968.x.s__Mogibacterium_A kristiansenii.fastq.gz,SRR8960968.x.s__Mogibacterium_A kristiansenii,d69f9a74,16660000,51,DNA,10000,1666,True,0.8884541082290704,0.9289047993714703,0.9086794538002704,0.9289047993714703,True,7,5722,11764,d__Bacteria;p__Bacillota;c__Negativicutes;o__Veillonellales;f__Dialisteraceae;g__Dialister;s__Dialister sp000434475
40000,0.0024009603841536613,0.012145748987854251,0.001800720288115246,0.0005950357021421286,2.3333333333333335,2.0,1.247219128924647,/group/ctbrowngrp5/sourmash-db.new/gtdb-rs226/gtdb-rs226-k51.dna.rocksdb,GCA_004556375.1 [Eubacterium] saphenum,6f73b817ea1983fcbfdb3300020d0b82,0.016194331983805668,30000,44,13360000,outputs.mapping/bams.cds.rand/SRR8960968.x.s__Mogibacterium_A kristiansenii.fastq.gz,SRR8960968.x.s__Mogibacterium_A kristiansenii,d69f9a74,16660000,51,DNA,10000,1666,True,0.8884541082290704,0.9223366610731755,0.9053953846511229,0.9223366610731755,True,7,5729,11764,d__Bacteria;p__Bacillota;c__Clostridia;o__Peptostreptococcales;f__Anaerovoracaceae;g__Hornefia;s__Hornefia butyriciproducens
30000,0.001800720288115246,0.014705882352941176,0.001800720288115246,0.00034002040122407346,1.3333333333333333,1.0,0.4714045207910317,/group/ctbrowngrp5/sourmash-db.new/gtdb-rs226/gtdb-rs226-k51.dna.rocksdb,GCA_905213425.1 uncultured Oscillospiraceae bacterium,26a27f138f3dfee125fafd6e4530ab4b,0.014705882352941176,30000,45,13330000,outputs.mapping/bams.cds.rand/SRR8960968.x.s__Mogibacterium_A kristiansenii.fastq.gz,SRR8960968.x.s__Mogibacterium_A kristiansenii,d69f9a74,16660000,51,DNA,10000,1666,True,0.8834566024074313,0.9205946627444187,0.902025632575925,0.9205946627444187,True,4,5733,11764,d__Bacteria;p__Bacillota;c__Clostridia;o__Oscillospirales;f__Acutalibacteraceae;g__CAG-177;s__CAG-177 sp003538135
60000,0.003601440576230492,0.0075,0.001800720288115246,0.0051003060183611015,20.0,2.0,26.166135875720485,/group/ctbrowngrp5/sourmash-db.new/gtdb-rs226/gtdb-rs226-k51.dna.rocksdb,GCA_020687465.1 Fusicatenibacter sp. CLA-AA-H213,37590b194251caa9407731f357fe3a3b,0.015,30000,46,13300000,outputs.mapping/bams.cds.rand/SRR8960968.x.s__Mogibacterium_A kristiansenii.fastq.gz,SRR8960968.x.s__Mogibacterium_A kristiansenii,d69f9a74,16660000,51,DNA,10000,1666,True,0.895545734494193,0.9209521869155373,0.9082489607048652,0.9209521869155373,True,60,5793,11764,d__Bacteria;p__Bacillota;c__Clostridia;o__Lachnospirales;f__Lachnospiraceae;g__Oliverpabstia;s__Oliverpabstia intestinalis
30000,0.001800720288115246,0.014018691588785047,0.001800720288115246,0.0007650459027541653,3.0,3.0,1.632993161855452,/group/ctbrowngrp5/sourmash-db.new/gtdb-rs226/gtdb-rs226-k51.dna.rocksdb,GCA_029003925.1 Clostridia bacterium,06fe66bc992780a8289162a659cafb5a,0.014018691588785047,30000,47,13270000,outputs.mapping/bams.cds.rand/SRR8960968.x.s__Mogibacterium_A kristiansenii.fastq.gz,SRR8960968.x.s__Mogibacterium_A kristiansenii,d69f9a74,16660000,51,DNA,10000,1666,True,0.8834566024074313,0.9197312248210182,0.9015939136142248,0.9197312248210182,True,9,5802,11764,d__Bacteria;p__Bacillota;c__Clostridia;o__Oscillospirales;f__Butyricicoccaceae;g__UBA4644;s__UBA4644 sp900763355
30000,0.001800720288115246,0.015,0.001800720288115246,0.10617137028221693,416.3333333333333,1.0,587.3700329056255,/group/ctbrowngrp5/sourmash-db.new/gtdb-rs226/gtdb-rs226-k51.dna.rocksdb,GCF_027583955.1 Lactobacillus crispatus,fb3e28616a2c99f5023215f0df582d93,0.015,30000,48,13240000,outputs.mapping/bams.cds.rand/SRR8960968.x.s__Mogibacterium_A kristiansenii.fastq.gz,SRR8960968.x.s__Mogibacterium_A kristiansenii,d69f9a74,16660000,51,DNA,10000,1666,True,0.8834566024074313,0.9209521869155373,0.9022043946614843,0.9209521869155373,True,1249,7051,11764,d__Bacteria;p__Bacillota;c__Bacilli;o__Lactobacillales;f__Lactobacillaceae;g__Lactobacillus;s__Lactobacillus crispatus
50000,0.003001200480192077,0.012195121951219513,0.001800720288115246,0.0036552193131587896,14.333333333333334,11.0,11.67142760000773,/group/ctbrowngrp5/sourmash-db.new/gtdb-rs226/gtdb-rs226-k51.dna.rocksdb,GCA_938045065.1 uncultured Collinsella sp.,f82824f10116ce23cdcfd1496920ab16,0.02032520325203252,30000,49,13210000,outputs.mapping/bams.cds.rand/SRR8960968.x.s__Mogibacterium_A kristiansenii.fastq.gz,SRR8960968.x.s__Mogibacterium_A kristiansenii,d69f9a74,16660000,51,DNA,10000,1666,True,0.8923499347428504,0.9264547528903618,0.9094023438166061,0.9264547528903618,True,43,7094,11764,d__Bacteria;p__Actinomycetota;c__Coriobacteriia;o__Coriobacteriales;f__Coriobacteriaceae;g__Collinsella;s__Collinsella sp938045065
30000,0.001800720288115246,0.015463917525773196,0.001800720288115246,0.0007650459027541653,3.0,3.0,1.632993161855452,/group/ctbrowngrp5/sourmash-db.new/gtdb-rs226/gtdb-rs226-k51.dna.rocksdb,GCA_902469865.1 uncultured Collinsella sp.,f7c186af3209beb7d95c55c7cc3edcac,0.015463917525773196,30000,50,13180000,outputs.mapping/bams.cds.rand/SRR8960968.x.s__Mogibacterium_A kristiansenii.fastq.gz,SRR8960968.x.s__Mogibacterium_A kristiansenii,d69f9a74,16660000,51,DNA,10000,1666,True,0.8834566024074313,0.9215023800946508,0.902479491251041,0.9215023800946508,True,9,7103,11764,d__Bacteria;p__Actinomycetota;c__Coriobacteriia;o__Coriobacteriales;f__Coriobacteriaceae;g__Collinsella;s__Collinsella sp002391315
90000,0.005402160864345739,0.009287925696594427,0.001800720288115246,0.004930295817749065,19.333333333333332,13.0,16.539514973407037,/group/ctbrowngrp5/sourmash-db.new/gtdb-rs226/gtdb-rs226-k51.dna.rocksdb,GCA_036318475.1 Oscillospiraceae bacterium CM18GR_54,16808e28babc5c46aab48a48bc6a2777,0.02786377708978328,30000,51,13150000,outputs.mapping/bams.cds.rand/SRR8960968.x.s__Mogibacterium_A kristiansenii.fastq.gz,SRR8960968.x.s__Mogibacterium_A kristiansenii,d69f9a74,16660000,51,DNA,10000,1666,True,0.9026939660050095,0.9322031969274737,0.9174485814662416,0.9322031969274737,False,58,7161,11764,d__Bacteria;p__Bacillota;c__Clostridia;o__Oscillospirales;f__Oscillospiraceae;g__Oscillibacter;s__Oscillibacter sp944387035
30000,0.001800720288115246,0.012295081967213115,0.001800720288115246,0.000935056103366202,3.6666666666666665,3.0,2.494438257849294,/group/ctbrowngrp5/sourmash-db.new/gtdb-rs226/gtdb-rs226-k51.dna.rocksdb,GCF_902362575.1 Catenibacterium mitsuokai,c152f5a66b9ecf767b94aef6757699e6,0.012295081967213115,30000,52,13120000,outputs.mapping/bams.cds.rand/SRR8960968.x.s__Mogibacterium_A kristiansenii.fastq.gz,SRR8960968.x.s__Mogibacterium_A kristiansenii,d69f9a74,16660000,51,DNA,10000,1666,True,0.8834566024074313,0.917368352065359,0.9004124772363952,0.917368352065359,True,11,7172,11764,d__Bacteria;p__Bacillota;c__Bacilli;o__Erysipelotrichales;f__Coprobacillaceae;g__Catenibacterium;s__Catenibacterium mitsuokai_A
60000,0.003601440576230492,0.01675977653631285,0.001800720288115246,0.0017851071064263857,7.0,1.0,8.48528137423857,/group/ctbrowngrp5/sourmash-db.new/gtdb-rs226/gtdb-rs226-k51.dna.rocksdb,GCA_945917815.1 uncultured Clostridia bacterium,21978f00bce7592dfabe68c0ee2a17f1,0.0335195530726257,30000,53,13090000,outputs.mapping/bams.cds.rand/SRR8960968.x.s__Mogibacterium_A kristiansenii.fastq.gz,SRR8960968.x.s__Mogibacterium_A kristiansenii,d69f9a74,16660000,51,DNA,10000,1666,True,0.895545734494193,0.93558721577863,0.9155664751364114,0.93558721577863,True,21,7193,11764,d__Bacteria;p__Bacillota;c__Clostridia;o__Christensenellales;f__CAG-138;g__SFDB01;s__SFDB01 sp004558825
100000,0.006002400960384154,0.010948905109489052,0.001800720288115246,0.0005950357021421286,2.3333333333333335,3.0,0.9428090415820634,/group/ctbrowngrp5/sourmash-db.new/gtdb-rs226/gtdb-rs226-k51.dna.rocksdb,GCA_034104765.1 Bariatricus sp.,5fb309ac99bb26cd210eba81e4539c8d,0.0364963503649635,30000,54,13060000,outputs.mapping/bams.cds.rand/SRR8960968.x.s__Mogibacterium_A kristiansenii.fastq.gz,SRR8960968.x.s__Mogibacterium_A kristiansenii,d69f9a74,16660000,51,DNA,10000,1666,True,0.9045607623028264,0.937149359056511,0.9208550606796687,0.937149359056511,False,7,7200,11764,d__Bacteria;p__Bacillota;c__Clostridia;o__Lachnospirales;f__Lachnospiraceae;g__Bariatricus;s__Bariatricus sp004560705
40000,0.0024009603841536613,0.01507537688442211,0.001800720288115246,0.0012750765045902754,5.0,2.0,4.242640687119285,/group/ctbrowngrp5/sourmash-db.new/gtdb-rs226/gtdb-rs226-k51.dna.rocksdb,GCA_959019095.1 uncultured Eubacteriales bacterium,2f7a6f0f5a06d83453c64874eba48475,0.020100502512562814,30000,55,13030000,outputs.mapping/bams.cds.rand/SRR8960968.x.s__Mogibacterium_A kristiansenii.fastq.gz,SRR8960968.x.s__Mogibacterium_A kristiansenii,d69f9a74,16660000,51,DNA,10000,1666,True,0.8884541082290704,0.9262528288328298,0.9073534685309501,0.9262528288328298,True,15,7215,11764,d__Bacteria;p__Bacillota;c__Clostridia;o__Oscillospirales;f__Oscillospiraceae;g__CAG-103;s__CAG-103 sp900317855
30000,0.001800720288115246,0.006622516556291391,0.001800720288115246,0.0004250255015300918,1.6666666666666667,1.0,0.9428090415820634,/group/ctbrowngrp5/sourmash-db.new/gtdb-rs226/gtdb-rs226-k51.dna.rocksdb,GCA_022783445.1 Clostridia bacterium,bea973f32bbf09e625c9a7f827fc0e62,0.006622516556291391,30000,56,13000000,outputs.mapping/bams.cds.rand/SRR8960968.x.s__Mogibacterium_A kristiansenii.fastq.gz,SRR8960968.x.s__Mogibacterium_A kristiansenii,d69f9a74,16660000,51,DNA,10000,1666,True,0.8834566024074313,0.9063062225914459,0.8948814124994386,0.9063062225914459,True,5,7220,11764,d__Bacteria;p__Bacillota;c__Clostridia;o__Peptostreptococcales;f__Anaerovoracaceae;g__Hominibacterium;s__Hominibacterium faecale
110000,0.006602641056422569,0.009554140127388535,0.001800720288115246,0.000935056103366202,3.6666666666666665,3.0,2.494438257849294,/group/ctbrowngrp5/sourmash-db.new/gtdb-rs226/gtdb-rs226-k51.dna.rocksdb,GCF_021531995.1 Faecalicatena contorta,4c931f1f8c50725e7bbd3ba64e4670a1,0.03503184713375796,30000,57,12970000,outputs.mapping/bams.cds.rand/SRR8960968.x.s__Mogibacterium_A kristiansenii.fastq.gz,SRR8960968.x.s__Mogibacterium_A kristiansenii,d69f9a74,16660000,51,DNA,10000,1666,True,0.9062528105085715,0.9363970989734821,0.9213249547410268,0.9363970989734821,False,11,7231,11764,d__Bacteria;p__Bacillota;c__Clostridia;o__Lachnospirales;f__Lachnospiraceae;g__Dorea_A;s__Dorea_A contorta_A
70000,0.004201680672268907,0.01276595744680851,0.001800720288115246,0.0017001020061203672,6.666666666666667,4.0,6.018490028422596,/group/ctbrowngrp5/sourmash-db.new/gtdb-rs226/gtdb-rs226-k51.dna.rocksdb,GCA_958442365.1 uncultured Eubacteriales bacterium,1058efff986ed206217510c1e22f0f8a,0.029787234042553193,30000,58,12940000,outputs.mapping/bams.cds.rand/SRR8960968.x.s__Mogibacterium_A kristiansenii.fastq.gz,SRR8960968.x.s__Mogibacterium_A kristiansenii,d69f9a74,16660000,51,DNA,10000,1666,True,0.8982566722388579,0.9334241287695567,0.9158404005042073,0.9334241287695567,False,20,7251,11764,d__Bacteria;p__Bacillota;c__Clostridia;o__Christensenellales;f__CAG-138;g__RUG472;s__RUG472 sp900545265
30000,0.001800720288115246,0.017241379310344827,0.001800720288115246,0.0005100306018361102,2.0,2.0,0.816496580927726,/group/ctbrowngrp5/sourmash-db.new/gtdb-rs226/gtdb-rs226-k51.dna.rocksdb,GCA_028726385.1 Eubacteriales bacterium,b96d0926044303ada45f08bcf252e2c1,0.017241379310344827,30000,59,12910000,outputs.mapping/bams.cds.rand/SRR8960968.x.s__Mogibacterium_A kristiansenii.fastq.gz,SRR8960968.x.s__Mogibacterium_A kristiansenii,d69f9a74,16660000,51,DNA,10000,1666,True,0.8834566024074313,0.9234704020446912,0.9034635022260613,0.9234704020446912,True,6,7257,11764,d__Bacteria;p__Bacillota;c__Clostridia;o__Oscillospirales;f__CAG-272;g__CAG-841;s__CAG-841 sp018383975
50000,0.003001200480192077,0.012345679012345678,0.001800720288115246,0.00034002040122407346,1.3333333333333333,1.0,0.4714045207910317,/group/ctbrowngrp5/sourmash-db.new/gtdb-rs226/gtdb-rs226-k51.dna.rocksdb,GCA_958448165.1 uncultured Oscillospiraceae bacterium,52589367e99f8ce433905bc20e82609c,0.0205761316872428,30000,60,12880000,outputs.mapping/bams.cds.rand/SRR8960968.x.s__Mogibacterium_A kristiansenii.fastq.gz,SRR8960968.x.s__Mogibacterium_A kristiansenii,d69f9a74,16660000,51,DNA,10000,1666,True,0.8923499347428504,0.926677675501848,0.9095138051223493,0.926677675501848,True,4,7261,11764,d__Bacteria;p__Bacillota;c__Clostridia;o__Oscillospirales;f__Acutalibacteraceae;g__UBA7067;s__UBA7067 sp958448165
80000,0.004801920768307323,0.015706806282722512,0.001800720288115246,0.0006800408024481469,2.6666666666666665,2.0,1.699673171197595,/group/ctbrowngrp5/sourmash-db.new/gtdb-rs226/gtdb-rs226-k51.dna.rocksdb,GCA_934277685.1 uncultured Clostridia bacterium,f19d0b6ede3e637ea5b7792977e3b1f7,0.041884816753926704,30000,61,12850000,outputs.mapping/bams.cds.rand/SRR8960968.x.s__Mogibacterium_A kristiansenii.fastq.gz,SRR8960968.x.s__Mogibacterium_A kristiansenii,d69f9a74,16660000,51,DNA,10000,1666,True,0.9006116256873575,0.9396832863290343,0.9201474560081959,0.9396832863290343,False,8,7269,11764,d__Bacteria;p__Bacillota;c__Clostridia;o__Peptostreptococcales;f__Anaerovoracaceae;g__Mogibacterium_A;s__Mogibacterium_A sp934234035
30000,0.001800720288115246,0.009554140127388535,0.001800720288115246,0.0034002040122407345,13.333333333333334,7.0,13.424687043734844,/group/ctbrowngrp5/sourmash-db.new/gtdb-rs226/gtdb-rs226-k51.dna.rocksdb,GCA_022773545.1 Prevotella sp.,4afae2f71eaa979d43e819866f0bc649,0.009554140127388535,30000,62,12820000,outputs.mapping/bams.cds.rand/SRR8960968.x.s__Mogibacterium_A kristiansenii.fastq.gz,SRR8960968.x.s__Mogibacterium_A kristiansenii,d69f9a74,16660000,51,DNA,10000,1666,True,0.8834566024074313,0.9128426306331032,0.8981496165202673,0.9128426306331032,True,40,7309,11764,d__Bacteria;p__Bacteroidota;c__Bacteroidia;o__Bacteroidales;f__Bacteroidaceae;g__Prevotella;s__Prevotella sp022771625
30000,0.001800720288115246,0.010752688172043012,0.001800720288115246,0.0010200612036722204,4.0,4.0,0.816496580927726,/group/ctbrowngrp5/sourmash-db.new/gtdb-rs226/gtdb-rs226-k51.dna.rocksdb,GCA_004556315.1 Subdoligranulum variabile,510860e44fcd555b311809228091203f,0.010752688172043012,30000,63,12790000,outputs.mapping/bams.cds.rand/SRR8960968.x.s__Mogibacterium_A kristiansenii.fastq.gz,SRR8960968.x.s__Mogibacterium_A kristiansenii,d69f9a74,16660000,51,DNA,10000,1666,True,0.8834566024074313,0.9149603940215936,0.8992084982145124,0.9149603940215936,True,12,7321,11764,d__Bacteria;p__Bacillota;c__Clostridia;o__Oscillospirales;f__Ruminococcaceae;g__Gemmiger;s__Gemmiger sp900545545
50000,0.003001200480192077,0.0071174377224199285,0.0012004801920768306,0.00017001020061203673,1.0,1.0,0.0,/group/ctbrowngrp5/sourmash-db.new/gtdb-rs226/gtdb-rs226-k51.dna.rocksdb,GCF_039503375.1 Ligaoa zhengdingensis,b85c6f5c3cd1ecd2eb78b676eb3fec34,0.017793594306049824,20000,64,12770000,outputs.mapping/bams.cds.rand/SRR8960968.x.s__Mogibacterium_A kristiansenii.fastq.gz,SRR8960968.x.s__Mogibacterium_A kristiansenii,d69f9a74,16660000,51,DNA,10000,1666,True,0.8923499347428504,0.9240414326805954,0.9081956837117229,0.9240414326805954,True,2,7323,11764,d__Bacteria;p__Bacillota;c__Clostridia;o__Oscillospirales;f__Ruminococcaceae;g__Ligaoa;s__Ligaoa zhengdingensis
60000,0.003601440576230492,0.005698005698005698,0.0012004801920768306,0.0005100306018361102,3.0,3.0,2.0,/group/ctbrowngrp5/sourmash-db.new/gtdb-rs226/gtdb-rs226-k51.dna.rocksdb,GCA_027680905.1 Lachnospiraceae bacterium AF66-18pH10TA,333e4d209a67fe87c59a9b69c00af905,0.017094017094017096,20000,65,12750000,outputs.mapping/bams.cds.rand/SRR8960968.x.s__Mogibacterium_A kristiansenii.fastq.gz,SRR8960968.x.s__Mogibacterium_A kristiansenii,d69f9a74,16660000,51,DNA,10000,1666,True,0.895545734494193,0.9233149870212076,0.9094303607577003,0.9233149870212076,True,6,7329,11764,d__Bacteria;p__Bacillota;c__Clostridia;o__Lachnospirales;f__Lachnospiraceae;g__Pilosibacter;s__Pilosibacter fragilis
60000,0.003601440576230492,0.006230529595015576,0.0012004801920768306,0.0034002040122407345,20.0,20.0,19.0,/group/ctbrowngrp5/sourmash-db.new/gtdb-rs226/gtdb-rs226-k51.dna.rocksdb,GCF_040929845.1 Anaerotruncus rubiinfantis,89c8a42fdeb9ad17d034ec0110c60d3b,0.018691588785046728,20000,66,12730000,outputs.mapping/bams.cds.rand/SRR8960968.x.s__Mogibacterium_A kristiansenii.fastq.gz,SRR8960968.x.s__Mogibacterium_A kristiansenii,d69f9a74,16660000,51,DNA,10000,1666,True,0.895545734494193,0.9249339276338799,0.9102398310640365,0.9249339276338799,True,40,7369,11764,d__Bacteria;p__Bacillota;c__Clostridia;o__Oscillospirales;f__Ruminococcaceae;g__Anaerotruncus;s__Anaerotruncus rubiinfantis
40000,0.0024009603841536613,0.006968641114982578,0.0012004801920768306,0.00017001020061203673,1.0,1.0,0.0,/group/ctbrowngrp5/sourmash-db.new/gtdb-rs226/gtdb-rs226-k51.dna.rocksdb,GCF_003464045.1 Dorea sp. AM58-8,c7bdc467614ae07c1acac8a015389f85,0.013937282229965157,20000,67,12710000,outputs.mapping/bams.cds.rand/SRR8960968.x.s__Mogibacterium_A kristiansenii.fastq.gz,SRR8960968.x.s__Mogibacterium_A kristiansenii,d69f9a74,16660000,51,DNA,10000,1666,True,0.8884541082290704,0.919626198805456,0.9040401535172633,0.919626198805456,True,2,7371,11764,d__Bacteria;p__Bacillota;c__Clostridia;o__Lachnospirales;f__Lachnospiraceae;g__Claveliimonas;s__Claveliimonas ammoniilytica
30000,0.001800720288115246,0.00975609756097561,0.0012004801920768306,0.0011050663039782387,6.5,6.5,1.5,/group/ctbrowngrp5/sourmash-db.new/gtdb-rs226/gtdb-rs226-k51.dna.rocksdb,GCF_021531795.1 Lacrimispora saccharolytica,b9f95aaa82634ee90dd5ff5803ed0dee,0.014634146341463415,20000,68,12690000,outputs.mapping/bams.cds.rand/SRR8960968.x.s__Mogibacterium_A kristiansenii.fastq.gz,SRR8960968.x.s__Mogibacterium_A kristiansenii,d69f9a74,16660000,51,DNA,10000,1666,True,0.8834566024074313,0.9205063984590509,0.9019815004332411,0.9205063984590509,True,13,7384,11764,d__Bacteria;p__Bacillota;c__Clostridia;o__Lachnospirales;f__Lachnospiraceae;g__Colinaster;s__Colinaster sp018056665
20000,0.0012004801920768306,0.008368200836820083,0.0012004801920768306,0.008330499829989799,49.0,49.0,48.0,/group/ctbrowngrp5/sourmash-db.new/gtdb-rs226/gtdb-rs226-k51.dna.rocksdb,GCF_040916345.1 Bifidobacterium pseudocatenulatum,83b8a14839d6d155c38e7560f90469ee,0.008368200836820083,20000,69,12670000,outputs.mapping/bams.cds.rand/SRR8960968.x.s__Mogibacterium_A kristiansenii.fastq.gz,SRR8960968.x.s__Mogibacterium_A kristiansenii,d69f9a74,16660000,51,DNA,10000,1666,True,0.8764607072739828,0.9104734709010283,0.8934670890875056,0.9104734709010283,True,98,7482,11764,d__Bacteria;p__Actinomycetota;c__Actinomycetes;o__Actinomycetales;f__Bifidobacteriaceae;g__Bifidobacterium;s__Bifidobacterium pseudocatenulatum
20000,0.0012004801920768306,0.009174311926605505,0.0012004801920768306,0.0005950357021421286,3.5,3.5,0.5,/group/ctbrowngrp5/sourmash-db.new/gtdb-rs226/gtdb-rs226-k51.dna.rocksdb,GCA_037301655.1 bacterium,c70d2d772dc5cc9f571e99b06f409a1c,0.009174311926605505,20000,70,12650000,outputs.mapping/bams.cds.rand/SRR8960968.x.s__Mogibacterium_A kristiansenii.fastq.gz,SRR8960968.x.s__Mogibacterium_A kristiansenii,d69f9a74,16660000,51,DNA,10000,1666,True,0.8764607072739828,0.9121168123642995,0.8942887598191411,0.9121168123642995,True,7,7489,11764,d__Bacteria;p__Bacillota;c__Clostridia;o__Lachnospirales;f__Lachnospiraceae;g__CAG-791;s__CAG-791 sp000431495
20000,0.0012004801920768306,0.015384615384615385,0.0012004801920768306,0.004590275416524991,27.0,27.0,5.0,/group/ctbrowngrp5/sourmash-db.new/gtdb-rs226/gtdb-rs226-k51.dna.rocksdb,GCA_037069245.1 Clostridia bacterium,2aed2e958675fddf5d5447fdeaf50c01,0.015384615384615385,20000,71,12630000,outputs.mapping/bams.cds.rand/SRR8960968.x.s__Mogibacterium_A kristiansenii.fastq.gz,SRR8960968.x.s__Mogibacterium_A kristiansenii,d69f9a74,16660000,51,DNA,10000,1666,True,0.8764607072739828,0.9214094865050211,0.898935096889502,0.9214094865050211,True,54,7543,11764,d__Bacteria;p__Bacillota;c__Clostridia;o__TANB77;f__CAG-508;g__CAG-452;s__CAG-452 sp000434035
40000,0.0024009603841536613,0.00510204081632653,0.0012004801920768306,0.0025501530091805507,15.0,15.0,4.0,/group/ctbrowngrp5/sourmash-db.new/gtdb-rs226/gtdb-rs226-k51.dna.rocksdb,GCA_025993615.1 Clostridiales bacterium,d655f6c89889684f8448942f3eb4e49d,0.01020408163265306,20000,72,12610000,outputs.mapping/bams.cds.rand/SRR8960968.x.s__Mogibacterium_A kristiansenii.fastq.gz,SRR8960968.x.s__Mogibacterium_A kristiansenii,d69f9a74,16660000,51,DNA,10000,1666,True,0.8884541082290704,0.9140213736068583,0.9012377409179644,0.9140213736068583,True,30,7573,11764,d__Bacteria;p__Bacillota;c__Clostridia;o__Oscillospirales;f__Oscillospiraceae;g__CAG-170;s__CAG-170 sp000432135
20000,0.0012004801920768306,0.010050251256281407,0.0012004801920768306,0.0023801428085685142,14.0,14.0,8.0,/group/ctbrowngrp5/sourmash-db.new/gtdb-rs226/gtdb-rs226-k51.dna.rocksdb,GCF_027670005.1 Mitsuokella multacida,c0ba137cdbdadb2129fc6f594e40f165,0.010050251256281407,20000,73,12590000,outputs.mapping/bams.cds.rand/SRR8960968.x.s__Mogibacterium_A kristiansenii.fastq.gz,SRR8960968.x.s__Mogibacterium_A kristiansenii,d69f9a74,16660000,51,DNA,10000,1666,True,0.8764607072739828,0.9137491761859651,0.8951049417299739,0.9137491761859651,True,28,7601,11764,d__Bacteria;p__Bacillota;c__Negativicutes;o__Selenomonadales;f__Selenomonadaceae;g__Mitsuokella;s__Mitsuokella multacida
20000,0.0012004801920768306,0.009009009009009009,0.0012004801920768306,0.002890173410404624,17.0,17.0,15.0,/group/ctbrowngrp5/sourmash-db.new/gtdb-rs226/gtdb-rs226-k51.dna.rocksdb,GCA_022780895.1 bacterium,7acf1a9d79c2207615b0e4188835b24a,0.009009009009009009,20000,74,12570000,outputs.mapping/bams.cds.rand/SRR8960968.x.s__Mogibacterium_A kristiansenii.fastq.gz,SRR8960968.x.s__Mogibacterium_A kristiansenii,d69f9a74,16660000,51,DNA,10000,1666,True,0.8764607072739828,0.9117916860315043,0.8941261966527436,0.9117916860315043,True,34,7635,11764,d__Bacteria;p__Bacillota;c__Clostridia;o__Oscillospirales;f__Ruminococcaceae;g__Gemmiger;s__Gemmiger sp004561545
70000,0.004201680672268907,0.008583690987124463,0.0012004801920768306,0.0004250255015300918,2.5,2.5,1.5,/group/ctbrowngrp5/sourmash-db.new/gtdb-rs226/gtdb-rs226-k51.dna.rocksdb,GCF_021531715.1 Anaeromassilibacillus senegalensis,ec1ff3c784e865a555513b1cfd1fe874,0.030042918454935622,20000,75,12550000,outputs.mapping/bams.cds.rand/SRR8960968.x.s__Mogibacterium_A kristiansenii.fastq.gz,SRR8960968.x.s__Mogibacterium_A kristiansenii,d69f9a74,16660000,51,DNA,10000,1666,True,0.8982566722388579,0.9335805738897189,0.9159186230642884,0.9335805738897189,False,5,7640,11764,d__Bacteria;p__Bacillota;c__Clostridia;o__Oscillospirales;f__Acutalibacteraceae;g__Hominenteromicrobium;s__Hominenteromicrobium sp004555625
40000,0.0024009603841536613,0.005277044854881266,0.0012004801920768306,0.00017001020061203673,1.0,1.0,0.0,/group/ctbrowngrp5/sourmash-db.new/gtdb-rs226/gtdb-rs226-k51.dna.rocksdb,GCF_000424445.1 Oribacterium sp. NK2B42,e26386e94efd4f5c3a8acec12ff71d36,0.010554089709762533,20000,76,12530000,outputs.mapping/bams.cds.rand/SRR8960968.x.s__Mogibacterium_A kristiansenii.fastq.gz,SRR8960968.x.s__Mogibacterium_A kristiansenii,d69f9a74,16660000,51,DNA,10000,1666,True,0.8884541082290704,0.9146260039129034,0.901540056070987,0.9146260039129034,True,2,7642,11764,d__Bacteria;p__Bacillota;c__Clostridia;o__Lachnospirales;f__Lachnospiraceae;g__Oribacterium;s__Oribacterium sp000424445
40000,0.0024009603841536613,0.008264462809917356,0.0012004801920768306,0.0005100306018361102,3.0,3.0,2.0,/group/ctbrowngrp5/sourmash-db.new/gtdb-rs226/gtdb-rs226-k51.dna.rocksdb,GCA_022775165.1 Faecalibacterium sp.,c5743aff689352e468540e80eacb61d7,0.01652892561983471,20000,77,12510000,outputs.mapping/bams.cds.rand/SRR8960968.x.s__Mogibacterium_A kristiansenii.fastq.gz,SRR8960968.x.s__Mogibacterium_A kristiansenii,d69f9a74,16660000,51,DNA,10000,1666,True,0.8884541082290704,0.9227065851930429,0.9055803467110567,0.9227065851930429,True,6,7648,11764,d__Bacteria;p__Bacillota;c__Clostridia;o__Oscillospirales;f__Ruminococcaceae;g__Faecalibacterium;s__Faecalibacterium wellingii
40000,0.0024009603841536613,0.008928571428571428,0.0012004801920768306,0.0010200612036722204,6.0,6.0,0.0,/group/ctbrowngrp5/sourmash-db.new/gtdb-rs226/gtdb-rs226-k51.dna.rocksdb,GCA_022772705.1 bacterium,4ef8a116b9144f88ec50b8e336624063,0.017857142857142856,20000,78,12490000,outputs.mapping/bams.cds.rand/SRR8960968.x.s__Mogibacterium_A kristiansenii.fastq.gz,SRR8960968.x.s__Mogibacterium_A kristiansenii,d69f9a74,16660000,51,DNA,10000,1666,True,0.8884541082290704,0.9241060284450854,0.906280068337078,0.9241060284450854,True,12,7660,11764,d__Bacteria;p__Bacillota;c__Clostridia;o__Oscillospirales;f__Ruminococcaceae;g__Gemmiger;s__Gemmiger sp004561545
20000,0.0012004801920768306,0.010810810810810811,0.0012004801920768306,0.002040122407344441,12.0,12.0,2.0,/group/ctbrowngrp5/sourmash-db.new/gtdb-rs226/gtdb-rs226-k51.dna.rocksdb,GCA_004558595.1 Phascolarctobacterium sp.,82f5ae137c37969242b7840b4f05f8d0,0.010810810810810811,20000,79,12470000,outputs.mapping/bams.cds.rand/SRR8960968.x.s__Mogibacterium_A kristiansenii.fastq.gz,SRR8960968.x.s__Mogibacterium_A kristiansenii,d69f9a74,16660000,51,DNA,10000,1666,True,0.8764607072739828,0.9150571131134657,0.8957589101937242,0.9150571131134657,True,24,7684,11764,d__Bacteria;p__Bacillota;c__Negativicutes;o__Acidaminococcales;f__Acidaminococcaceae;g__Phascolarctobacterium_A;s__Phascolarctobacterium_A sp004558595
30000,0.001800720288115246,0.01020408163265306,0.0012004801920768306,0.0012750765045902754,7.5,7.5,4.5,/group/ctbrowngrp5/sourmash-db.new/gtdb-rs226/gtdb-rs226-k51.dna.rocksdb,GCF_003725415.1 Absicoccus porci,7adac8e22728fc858c50f97991f19c39,0.015306122448979591,20000,80,12450000,outputs.mapping/bams.cds.rand/SRR8960968.x.s__Mogibacterium_A kristiansenii.fastq.gz,SRR8960968.x.s__Mogibacterium_A kristiansenii,d69f9a74,16660000,51,DNA,10000,1666,True,0.8834566024074313,0.9213170773690638,0.9023868398882475,0.9213170773690638,True,15,7699,11764,d__Bacteria;p__Bacillota;c__Bacilli;o__Erysipelotrichales;f__Erysipelotrichaceae;g__Absicoccus;s__Absicoccus porci
100000,0.006002400960384154,0.007352941176470588,0.0012004801920768306,0.0005100306018361102,3.0,3.0,0.0,/group/ctbrowngrp5/sourmash-db.new/gtdb-rs226/gtdb-rs226-k51.dna.rocksdb,GCF_030053595.1 Fusibacillus kribbianus,590b60dd682af06b2549e2e3047fd201,0.03676470588235294,20000,81,12430000,outputs.mapping/bams.cds.rand/SRR8960968.x.s__Mogibacterium_A kristiansenii.fastq.gz,SRR8960968.x.s__Mogibacterium_A kristiansenii,d69f9a74,16660000,51,DNA,10000,1666,True,0.9045607623028264,0.9372839882116912,0.9209223752572588,0.9372839882116912,False,6,7705,11764,d__Bacteria;p__Bacillota;c__Clostridia;o__Lachnospirales;f__Lachnospiraceae;g__Lientehia;s__Lientehia kribbianus
30000,0.001800720288115246,0.008064516129032258,0.0012004801920768306,0.0002550153009180551,1.5,1.5,0.5,/group/ctbrowngrp5/sourmash-db.new/gtdb-rs226/gtdb-rs226-k51.dna.rocksdb,GCA_019415355.1 Faecalibacterium sp.,0dbcea0eee1bd90c507549c209ddec57,0.012096774193548387,20000,82,12410000,outputs.mapping/bams.cds.rand/SRR8960968.x.s__Mogibacterium_A kristiansenii.fastq.gz,SRR8960968.x.s__Mogibacterium_A kristiansenii,d69f9a74,16660000,51,DNA,10000,1666,True,0.8834566024074313,0.9170759107029064,0.9002662565551689,0.9170759107029064,True,3,7708,11764,d__Bacteria;p__Bacillota;c__Clostridia;o__Oscillospirales;f__Ruminococcaceae;g__Faecalibacterium;s__Faecalibacterium duncaniae
590000,0.035414165666266505,0.012269938650306749,0.0012004801920768306,0.00034002040122407346,2.0,2.0,1.0,/group/ctbrowngrp5/sourmash-db.new/gtdb-rs226/gtdb-rs226-k51.dna.rocksdb,GCA_958345775.1 uncultured Eubacteriales bacterium,8a00c32a4978d2d4073e78ce411f9d2b,0.3619631901840491,20000,83,12390000,outputs.mapping/bams.cds.rand/SRR8960968.x.s__Mogibacterium_A kristiansenii.fastq.gz,SRR8960968.x.s__Mogibacterium_A kristiansenii,d69f9a74,16660000,51,DNA,10000,1666,True,0.9365964136561303,0.980271465238123,0.9584339394471266,0.980271465238123,False,4,7712,11764,d__Bacteria;p__Bacillota;c__Clostridia;o__Peptostreptococcales;f__Anaerovoracaceae;g__Mogibacterium_A;s__Mogibacterium_A kristiansenii
20000,0.0012004801920768306,0.008097165991902834,0.0012004801920768306,0.001445086705202312,8.5,8.5,7.5,/group/ctbrowngrp5/sourmash-db.new/gtdb-rs226/gtdb-rs226-k51.dna.rocksdb,GCF_000436015.1 Prevotella sp. CAG:592,eed5d2bb8a90b5558e2616f691ac1e7c,0.008097165991902834,20000,84,12370000,outputs.mapping/bams.cds.rand/SRR8960968.x.s__Mogibacterium_A kristiansenii.fastq.gz,SRR8960968.x.s__Mogibacterium_A kristiansenii,d69f9a74,16660000,51,DNA,10000,1666,True,0.8764607072739828,0.9098858734755169,0.8931732903747498,0.9098858734755169,True,17,7729,11764,d__Bacteria;p__Bacteroidota;c__Bacteroidia;o__Bacteroidales;f__Bacteroidaceae;g__Prevotella;s__Prevotella pectinovora
20000,0.0012004801920768306,0.009615384615384616,0.0012004801920768306,0.000935056103366202,5.5,5.5,4.5,/group/ctbrowngrp5/sourmash-db.new/gtdb-rs226/gtdb-rs226-k51.dna.rocksdb,GCA_946042295.1 Bifidobacterium thermophilum,6f0ed4e50763d56982fe85c09066bd2f,0.009615384615384616,20000,85,12350000,outputs.mapping/bams.cds.rand/SRR8960968.x.s__Mogibacterium_A kristiansenii.fastq.gz,SRR8960968.x.s__Mogibacterium_A kristiansenii,d69f9a74,16660000,51,DNA,10000,1666,True,0.8764607072739828,0.9129570079962835,0.8947088576351332,0.9129570079962835,True,11,7740,11764,d__Bacteria;p__Actinomycetota;c__Actinomycetes;o__Actinomycetales;f__Bifidobacteriaceae;g__Bifidobacterium;s__Bifidobacterium thermacidophilum
20000,0.0012004801920768306,0.004987531172069825,0.0012004801920768306,0.0007650459027541653,4.5,4.5,3.5,/group/ctbrowngrp5/sourmash-db.new/gtdb-rs226/gtdb-rs226-k51.dna.rocksdb,GCF_016803255.1 Segatella copri,e1c14e6be068f15bbfe463f70d462b42,0.004987531172069825,20000,86,12330000,outputs.mapping/bams.cds.rand/SRR8960968.x.s__Mogibacterium_A kristiansenii.fastq.gz,SRR8960968.x.s__Mogibacterium_A kristiansenii,d69f9a74,16660000,51,DNA,10000,1666,True,0.8764607072739828,0.9012815948937004,0.8888711510838416,0.9012815948937004,True,9,7749,11764,d__Bacteria;p__Bacteroidota;c__Bacteroidia;o__Bacteroidales;f__Bacteroidaceae;g__Prevotella;s__Prevotella copri_M
30000,0.001800720288115246,0.01092896174863388,0.0012004801920768306,0.0008500510030601836,5.0,5.0,2.0,/group/ctbrowngrp5/sourmash-db.new/gtdb-rs226/gtdb-rs226-k51.dna.rocksdb,GCA_002472805.1 Lachnospiraceae bacterium UBA7255,a6c652b7ae18badf7eaca131c7e27bd3,0.01639344262295082,20000,87,12310000,outputs.mapping/bams.cds.rand/SRR8960968.x.s__Mogibacterium_A kristiansenii.fastq.gz,SRR8960968.x.s__Mogibacterium_A kristiansenii,d69f9a74,16660000,51,DNA,10000,1666,True,0.8834566024074313,0.9225576886638306,0.903007145535631,0.9225576886638306,True,10,7759,11764,d__Bacteria;p__Bacillota;c__Clostridia;o__Lachnospirales;f__Lachnospiraceae;g__Weimeria;s__Weimeria sp002480925
250000,0.015006002400960384,0.010526315789473684,0.0012004801920768306,0.00017001020061203673,1.0,1.0,0.0,/group/ctbrowngrp5/sourmash-db.new/gtdb-rs226/gtdb-rs226-k51.dna.rocksdb,GCA_963557875.1 uncultured Clostridia bacterium,7f867ebc8e8ceb06cbc2e469cdfff665,0.13157894736842105,20000,88,12290000,outputs.mapping/bams.cds.rand/SRR8960968.x.s__Mogibacterium_A kristiansenii.fastq.gz,SRR8960968.x.s__Mogibacterium_A kristiansenii,d69f9a74,16660000,51,DNA,10000,1666,True,0.9209594115432982,0.9610127403688167,0.9409860759560574,0.9610127403688167,False,2,7761,11764,d__Bacteria;p__Bacillota;c__Clostridia;o__Peptostreptococcales;f__Anaerovoracaceae;g__Mogibacterium_A;s__Mogibacterium_A kristiansenii
40000,0.0024009603841536613,0.008097165991902834,0.0012004801920768306,0.00034002040122407346,2.0,2.0,1.0,/group/ctbrowngrp5/sourmash-db.new/gtdb-rs226/gtdb-rs226-k51.dna.rocksdb,GCA_037248765.1 bacterium,c28b9ed28fc127a0585f492a747a84ba,0.016194331983805668,20000,89,12270000,outputs.mapping/bams.cds.rand/SRR8960968.x.s__Mogibacterium_A kristiansenii.fastq.gz,SRR8960968.x.s__Mogibacterium_A kristiansenii,d69f9a74,16660000,51,DNA,10000,1666,True,0.8884541082290704,0.9223366610731755,0.9053953846511229,0.9223366610731755,True,4,7765,11764,d__Bacteria;p__Bacillota;c__Clostridia;o__Oscillospirales;f__CAG-272;g__CAG-448;s__CAG-448 sp003150135
50000,0.003001200480192077,0.009216589861751152,0.0012004801920768306,0.00034002040122407346,2.0,2.0,0.0,/group/ctbrowngrp5/sourmash-db.new/gtdb-rs226/gtdb-rs226-k51.dna.rocksdb,GCA_963597975.1 Prevotellamassilia timonensis,33ef7fa69b57445006147390378c69b7,0.02304147465437788,20000,90,12250000,outputs.mapping/bams.cds.rand/SRR8960968.x.s__Mogibacterium_A kristiansenii.fastq.gz,SRR8960968.x.s__Mogibacterium_A kristiansenii,d69f9a74,16660000,51,DNA,10000,1666,True,0.8923499347428504,0.9287361669973476,0.910543050870099,0.9287361669973476,True,4,7769,11764,d__Bacteria;p__Bacillota;c__Clostridia;o__Oscillospirales;f__Acutalibacteraceae;g__CAG-177;s__CAG-177 sp003514385
20000,0.0012004801920768306,0.00819672131147541,0.0012004801920768306,0.00017001020061203673,1.0,1.0,0.0,/group/ctbrowngrp5/sourmash-db.new/gtdb-rs226/gtdb-rs226-k51.dna.rocksdb,GCA_945913405.1 uncultured Clostridia bacterium,091c626f7d24dc948f8f71413b1d2478,0.00819672131147541,20000,91,12230000,outputs.mapping/bams.cds.rand/SRR8960968.x.s__Mogibacterium_A kristiansenii.fastq.gz,SRR8960968.x.s__Mogibacterium_A kristiansenii,d69f9a74,16660000,51,DNA,10000,1666,True,0.8764607072739828,0.910103917375183,0.893282312324583,0.910103917375183,True,2,7771,11764,d__Bacteria;p__Bacillota;c__Clostridia;o__Oscillospirales;f__Oscillospiraceae;g__Faecousia;s__Faecousia sp022786965
80000,0.004801920768307323,0.005479452054794521,0.0012004801920768306,0.0007650459027541653,4.5,4.5,1.5,/group/ctbrowngrp5/sourmash-db.new/gtdb-rs226/gtdb-rs226-k51.dna.rocksdb,GCA_902363695.1 Lachnospiraceae bacterium,264938c6e9b9d7d0b492f277ce4af664,0.021917808219178082,20000,92,12210000,outputs.mapping/bams.cds.rand/SRR8960968.x.s__Mogibacterium_A kristiansenii.fastq.gz,SRR8960968.x.s__Mogibacterium_A kristiansenii,d69f9a74,16660000,51,DNA,10000,1666,True,0.9006116256873575,0.9278261535586096,0.9142188896229836,0.9278261535586096,False,9,7780,11764,d__Bacteria;p__Bacillota;c__Clostridia;o__Lachnospirales;f__Lachnospiraceae;g__Hominiventricola;s__Hominiventricola aquisgranensis
20000,0.0012004801920768306,0.008583690987124463,0.0012004801920768306,0.00017001020061203673,1.0,1.0,0.0,/group/ctbrowngrp5/sourmash-db.new/gtdb-rs226/gtdb-rs226-k51.dna.rocksdb,GCF_034087485.1 Candidatus Cryptobacteroides sp.,9c6f02a1c2aaca988d48e37a5dfed069,0.008583690987124463,20000,93,12190000,outputs.mapping/bams.cds.rand/SRR8960968.x.s__Mogibacterium_A kristiansenii.fastq.gz,SRR8960968.x.s__Mogibacterium_A kristiansenii,d69f9a74,16660000,51,DNA,10000,1666,True,0.8764607072739828,0.9109274836213538,0.8936940954476683,0.9109274836213538,True,2,7782,11764,d__Bacteria;p__Bacteroidota;c__Bacteroidia;o__Bacteroidales;f__UBA932;g__Cryptobacteroides;s__Cryptobacteroides sp004552965
690000,0.04141656662665066,0.0106951871657754,0.0012004801920768306,0.00017001020061203673,1.0,1.0,0.0,/group/ctbrowngrp5/sourmash-db.new/gtdb-rs226/gtdb-rs226-k51.dna.rocksdb,GCA_036302585.1 Clostridia bacterium,5e094c09ccc62669e2c4eb7279e1cfc4,0.3689839572192513,20000,94,12170000,outputs.mapping/bams.cds.rand/SRR8960968.x.s__Mogibacterium_A kristiansenii.fastq.gz,SRR8960968.x.s__Mogibacterium_A kristiansenii,d69f9a74,16660000,51,DNA,10000,1666,True,0.9394761655268457,0.980640782766834,0.9600584741468399,0.980640782766834,False,2,7784,11764,d__Bacteria;p__Bacillota;c__Clostridia;o__Peptostreptococcales;f__Anaerovoracaceae;g__Mogibacterium_A;s__Mogibacterium_A kristiansenii
20000,0.0012004801920768306,0.0076045627376425855,0.0012004801920768306,0.0005100306018361102,3.0,3.0,2.0,/group/ctbrowngrp5/sourmash-db.new/gtdb-rs226/gtdb-rs226-k51.dna.rocksdb,GCA_900113995.1 Ruminococcaceae bacterium D5,e2cb38b40088486e6114020b324fbfed,0.0076045627376425855,20000,95,12150000,outputs.mapping/bams.cds.rand/SRR8960968.x.s__Mogibacterium_A kristiansenii.fastq.gz,SRR8960968.x.s__Mogibacterium_A kristiansenii,d69f9a74,16660000,51,DNA,10000,1666,True,0.8764607072739828,0.9087667657945412,0.892613736534262,0.9087667657945412,True,6,7790,11764,d__Bacteria;p__Bacillota;c__Clostridia;o__Oscillospirales;f__Ruminococcaceae;g__Fimivivens;s__Fimivivens sp900113995
40000,0.0024009603841536613,0.008064516129032258,0.0012004801920768306,0.0006800408024481469,4.0,4.0,2.0,/group/ctbrowngrp5/sourmash-db.new/gtdb-rs226/gtdb-rs226-k51.dna.rocksdb,GCA_036808425.1 Oscillospiraceae bacterium,1e586592c6fdd13923850a6ce04be048,0.016129032258064516,20000,96,12130000,outputs.mapping/bams.cds.rand/SRR8960968.x.s__Mogibacterium_A kristiansenii.fastq.gz,SRR8960968.x.s__Mogibacterium_A kristiansenii,d69f9a74,16660000,51,DNA,10000,1666,True,0.8884541082290704,0.9222635930295016,0.905358850629286,0.9222635930295016,True,8,7798,11764,d__Bacteria;p__Bacillota;c__Clostridia;o__Oscillospirales;f__Ruminococcaceae;g__Faecalibacterium;s__Faecalibacterium longum
50000,0.003001200480192077,0.006688963210702341,0.0012004801920768306,0.0005950357021421286,3.5,3.5,2.5,/group/ctbrowngrp5/sourmash-db.new/gtdb-rs226/gtdb-rs226-k51.dna.rocksdb,GCA_041328415.1 Faecalibacterium prausnitzii,62ec44ff355036df9944fcb164afdf55,0.016722408026755852,20000,97,12110000,outputs.mapping/bams.cds.rand/SRR8960968.x.s__Mogibacterium_A kristiansenii.fastq.gz,SRR8960968.x.s__Mogibacterium_A kristiansenii,d69f9a74,16660000,51,DNA,10000,1666,True,0.8923499347428504,0.9229171618883247,0.9076335483155875,0.9229171618883247,True,7,7805,11764,d__Bacteria;p__Bacillota;c__Clostridia;o__Oscillospirales;f__Ruminococcaceae;g__Faecalibacterium;s__Faecalibacterium prausnitzii
40000,0.0024009603841536613,0.013793103448275862,0.0012004801920768306,0.0005100306018361102,3.0,3.0,2.0,/group/ctbrowngrp5/sourmash-db.new/gtdb-rs226/gtdb-rs226-k51.dna.rocksdb,GCA_004554845.1 Bacteroidales bacterium,1afd5445afb65eb502389bd9d2ed5afc,0.027586206896551724,20000,98,12090000,outputs.mapping/bams.cds.rand/SRR8960968.x.s__Mogibacterium_A kristiansenii.fastq.gz,SRR8960968.x.s__Mogibacterium_A kristiansenii,d69f9a74,16660000,51,DNA,10000,1666,True,0.8884541082290704,0.9320202172696922,0.9102371627493813,0.9320202172696922,True,6,7811,11764,d__Bacteria;p__Bacteroidota;c__Bacteroidia;o__Bacteroidales;f__UBA932;g__Cryptobacteroides;s__Cryptobacteroides sp900546445
60000,0.003601440576230492,0.005434782608695652,0.0012004801920768306,0.0005100306018361102,3.0,3.0,1.0,/group/ctbrowngrp5/sourmash-db.new/gtdb-rs226/gtdb-rs226-k51.dna.rocksdb,GCA_004562765.1 bacterium,f21abf8b5f28158bda072c3feaf477c5,0.016304347826086956,20000,99,12070000,outputs.mapping/bams.cds.rand/SRR8960968.x.s__Mogibacterium_A kristiansenii.fastq.gz,SRR8960968.x.s__Mogibacterium_A kristiansenii,d69f9a74,16660000,51,DNA,10000,1666,True,0.895545734494193,0.9224591140329027,0.9090024242635478,0.9224591140329027,True,6,7817,11764,d__Bacteria;p__Bacillota;c__Clostridia;o__Lachnospirales;f__Lachnospiraceae;g__W0P33-017;s__W0P33-017 sp004562765
60000,0.003601440576230492,0.005988023952095809,0.0012004801920768306,0.0002550153009180551,1.5,1.5,0.5,/group/ctbrowngrp5/sourmash-db.new/gtdb-rs226/gtdb-rs226-k51.dna.rocksdb,GCA_004562055.1 bacterium,6db660ba7feff2de802e4457511bab40,0.017964071856287425,20000,100,12050000,outputs.mapping/bams.cds.rand/SRR8960968.x.s__Mogibacterium_A kristiansenii.fastq.gz,SRR8960968.x.s__Mogibacterium_A kristiansenii,d69f9a74,16660000,51,DNA,10000,1666,True,0.895545734494193,0.9242142125673478,0.9098799735307703,0.9242142125673478,True,3,7820,11764,d__Bacteria;p__Bacteroidota;c__Bacteroidia;o__Bacteroidales;f__UBA932;g__Cryptobacteroides;s__Cryptobacteroides sp900546925
20000,0.0012004801920768306,0.005154639175257732,0.0012004801920768306,0.0002550153009180551,1.5,1.5,0.5,/group/ctbrowngrp5/sourmash-db.new/gtdb-rs226/gtdb-rs226-k51.dna.rocksdb,GCF_002302065.1 Clostridioides difficile,4791ba81b2e50e4c19e5e89b9b3af733,0.005154639175257732,20000,101,12030000,outputs.mapping/bams.cds.rand/SRR8960968.x.s__Mogibacterium_A kristiansenii.fastq.gz,SRR8960968.x.s__Mogibacterium_A kristiansenii,d69f9a74,16660000,51,DNA,10000,1666,True,0.8764607072739828,0.901864189290774,0.8891624482823784,0.901864189290774,True,3,7823,11764,d__Bacteria;p__Bacillota;c__Clostridia;o__Peptostreptococcales;f__Peptostreptococcaceae;g__Clostridioides;s__Clostridioides difficile
50000,0.003001200480192077,0.006578947368421052,0.0012004801920768306,0.0016150969058143488,9.5,9.5,6.5,/group/ctbrowngrp5/sourmash-db.new/gtdb-rs226/gtdb-rs226-k51.dna.rocksdb,GCA_034113565.1 Faecousia sp.,7a10c300c0f34698ff3d129eedc62947,0.01644736842105263,20000,102,12010000,outputs.mapping/bams.cds.rand/SRR8960968.x.s__Mogibacterium_A kristiansenii.fastq.gz,SRR8960968.x.s__Mogibacterium_A kristiansenii,d69f9a74,16660000,51,DNA,10000,1666,True,0.8923499347428504,0.922617097416328,0.9074835160795892,0.922617097416328,True,19,7842,11764,d__Bacteria;p__Bacillota;c__Clostridia;o__Oscillospirales;f__Oscillospiraceae;g__Faecousia;s__Faecousia sp034113565
60000,0.003601440576230492,0.005376344086021506,0.0012004801920768306,0.00017001020061203673,1.0,1.0,0.0,/group/ctbrowngrp5/sourmash-db.new/gtdb-rs226/gtdb-rs226-k51.dna.rocksdb,GCA_004556565.1 Lachnospiraceae bacterium,edb00f169e376430fe98e2e4c3b24f96,0.016129032258064516,20000,103,11990000,outputs.mapping/bams.cds.rand/SRR8960968.x.s__Mogibacterium_A kristiansenii.fastq.gz,SRR8960968.x.s__Mogibacterium_A kristiansenii,d69f9a74,16660000,51,DNA,10000,1666,True,0.895545734494193,0.9222635930295016,0.9089046637618472,0.9222635930295016,True,2,7844,11764,d__Bacteria;p__Bacillota;c__Clostridia;o__Lachnospirales;f__Lachnospiraceae;g__Schaedlerella;s__Schaedlerella sp004556565
20000,0.0012004801920768306,0.004140786749482402,0.0012004801920768306,0.0002550153009180551,1.5,1.5,0.5,/group/ctbrowngrp5/sourmash-db.new/gtdb-rs226/gtdb-rs226-k51.dna.rocksdb,GCF_021891315.1 Phocaeicola vulgatus,bc0ebf43df6f02037d4c5eaa5756f573,0.004140786749482402,20000,104,11970000,outputs.mapping/bams.cds.rand/SRR8960968.x.s__Mogibacterium_A kristiansenii.fastq.gz,SRR8960968.x.s__Mogibacterium_A kristiansenii,d69f9a74,16660000,51,DNA,10000,1666,True,0.8764607072739828,0.8979995821938735,0.8872301447339281,0.8979995821938735,True,3,7847,11764,d__Bacteria;p__Bacteroidota;c__Bacteroidia;o__Bacteroidales;f__Bacteroidaceae;g__Phocaeicola;s__Phocaeicola vulgatus
50000,0.003001200480192077,0.006369426751592357,0.0012004801920768306,0.0002550153009180551,1.5,1.5,0.5,/group/ctbrowngrp5/sourmash-db.new/gtdb-rs226/gtdb-rs226-k51.dna.rocksdb,GCF_900209925.1 Anaerobutyricum hallii,84b0ba7d93d1acab2a2022439c432f48,0.01592356687898089,20000,105,11950000,outputs.mapping/bams.cds.rand/SRR8960968.x.s__Mogibacterium_A kristiansenii.fastq.gz,SRR8960968.x.s__Mogibacterium_A kristiansenii,d69f9a74,16660000,51,DNA,10000,1666,True,0.8923499347428504,0.9220317779687348,0.9071908563557927,0.9220317779687348,True,3,7850,11764,d__Bacteria;p__Bacillota;c__Clostridia;o__Lachnospirales;f__Lachnospiraceae;g__Anaerobutyricum;s__Anaerobutyricum soehngenii
30000,0.001800720288115246,0.0061162079510703364,0.0012004801920768306,0.0006800408024481469,4.0,4.0,3.0,/group/ctbrowngrp5/sourmash-db.new/gtdb-rs226/gtdb-rs226-k51.dna.rocksdb,GCA_027693305.1 Lachnospiraceae bacterium OF27-10pH9A,8b3d116bae137cff92bd80ecd04c24cd,0.009174311926605505,20000,106,11930000,outputs.mapping/bams.cds.rand/SRR8960968.x.s__Mogibacterium_A kristiansenii.fastq.gz,SRR8960968.x.s__Mogibacterium_A kristiansenii,d69f9a74,16660000,51,DNA,10000,1666,True,0.8834566024074313,0.9121168123642995,0.8977867073858654,0.9121168123642995,True,8,7858,11764,d__Bacteria;p__Bacillota;c__Clostridia;o__Lachnospirales;f__Lachnospiraceae;g__Agathobacter;s__Agathobacter sp900543445
20000,0.0012004801920768306,0.008620689655172414,0.0012004801920768306,0.0005950357021421286,3.5,3.5,2.5,/group/ctbrowngrp5/sourmash-db.new/gtdb-rs226/gtdb-rs226-k51.dna.rocksdb,GCA_946011705.1 uncultured Clostridia bacterium,b394ebe4dadd6e43b2743549ccc8c710,0.008620689655172414,20000,107,11910000,outputs.mapping/bams.cds.rand/SRR8960968.x.s__Mogibacterium_A kristiansenii.fastq.gz,SRR8960968.x.s__Mogibacterium_A kristiansenii,d69f9a74,16660000,51,DNA,10000,1666,True,0.8764607072739828,0.9110043098748272,0.893732508574405,0.9110043098748272,True,7,7865,11764,d__Bacteria;p__Bacillota;c__Clostridia;o__Oscillospirales;f__Oscillospiraceae;g__Faecousia;s__Faecousia sp946011705
30000,0.001800720288115246,0.006134969325153374,0.0012004801920768306,0.05856851411084665,344.5,344.5,343.5,/group/ctbrowngrp5/sourmash-db.new/gtdb-rs226/gtdb-rs226-k51.dna.rocksdb,GCA_900544505.1 uncultured Clostridium sp.,1e4e1523d1d383848e00e9b7c68e1c79,0.009202453987730062,20000,108,11890000,outputs.mapping/bams.cds.rand/SRR8960968.x.s__Mogibacterium_A kristiansenii.fastq.gz,SRR8960968.x.s__Mogibacterium_A kristiansenii,d69f9a74,16660000,51,DNA,10000,1666,True,0.8834566024074313,0.9121715909076383,0.8978140966575348,0.9121715909076383,True,689,8554,11764,d__Bacteria;p__Bacillota;c__Clostridia;o__Lachnospirales;f__Lachnospiraceae;g__CAG-411;s__CAG-411 sp000437275
20000,0.0012004801920768306,0.00823045267489712,0.0012004801920768306,0.0004250255015300918,2.5,2.5,0.5,/group/ctbrowngrp5/sourmash-db.new/gtdb-rs226/gtdb-rs226-k51.dna.rocksdb,GCA_959022265.1 uncultured Oscillospiraceae bacterium,f9e6cb042581287aab7e64d7a9906eea,0.00823045267489712,20000,109,11870000,outputs.mapping/bams.cds.rand/SRR8960968.x.s__Mogibacterium_A kristiansenii.fastq.gz,SRR8960968.x.s__Mogibacterium_A kristiansenii,d69f9a74,16660000,51,DNA,10000,1666,True,0.8764607072739828,0.9101772065679724,0.8933189569209776,0.9101772065679724,True,5,8559,11764,d__Bacteria;p__Bacillota;c__Clostridia;o__Oscillospirales;f__Oscillospiraceae;g__Vescimonas;s__Vescimonas sp900545585
40000,0.0024009603841536613,0.00684931506849315,0.0012004801920768306,0.0007650459027541653,4.5,4.5,0.5,/group/ctbrowngrp5/sourmash-db.new/gtdb-rs226/gtdb-rs226-k51.dna.rocksdb,GCA_022779665.1 Lachnospiraceae bacterium,797fa223bd60fc50c09a8beb374cdc04,0.0136986301369863,20000,110,11850000,outputs.mapping/bams.cds.rand/SRR8960968.x.s__Mogibacterium_A kristiansenii.fastq.gz,SRR8960968.x.s__Mogibacterium_A kristiansenii,d69f9a74,16660000,51,DNA,10000,1666,True,0.8884541082290704,0.9193148122519929,0.9038844602405316,0.9193148122519929,True,9,8568,11764,d__Bacteria;p__Bacillota;c__Clostridia;o__Lachnospirales;f__Lachnospiraceae;g__Porcincola;s__Porcincola intestinalis
20000,0.0012004801920768306,0.0078125,0.0012004801920768306,0.0005950357021421286,3.5,3.5,2.5,/group/ctbrowngrp5/sourmash-db.new/gtdb-rs226/gtdb-rs226-k51.dna.rocksdb,GCA_004552255.1 Agathobacter rectalis,cf564381f3bcee2c36b995ec201ba9c6,0.0078125,20000,111,11830000,outputs.mapping/bams.cds.rand/SRR8960968.x.s__Mogibacterium_A kristiansenii.fastq.gz,SRR8960968.x.s__Mogibacterium_A kristiansenii,d69f9a74,16660000,51,DNA,10000,1666,True,0.8764607072739828,0.9092475875837274,0.8928541474288552,0.9092475875837274,True,7,8575,11764,d__Bacteria;p__Bacillota;c__Clostridia;o__Lachnospirales;f__Lachnospiraceae;g__Agathobacter;s__Agathobacter faecis
20000,0.0012004801920768306,0.005390835579514825,0.0012004801920768306,0.0005950357021421286,3.5,3.5,2.5,/group/ctbrowngrp5/sourmash-db.new/gtdb-rs226/gtdb-rs226-k51.dna.rocksdb,GCF_021531135.1 Segatella hominis,fbfb9fa1cd55529571913ff882c8b132,0.005390835579514825,20000,112,11810000,outputs.mapping/bams.cds.rand/SRR8960968.x.s__Mogibacterium_A kristiansenii.fastq.gz,SRR8960968.x.s__Mogibacterium_A kristiansenii,d69f9a74,16660000,51,DNA,10000,1666,True,0.8764607072739828,0.9026568211487351,0.8895587642113589,0.9026568211487351,True,7,8582,11764,d__Bacteria;p__Bacteroidota;c__Bacteroidia;o__Bacteroidales;f__Bacteroidaceae;g__Prevotella;s__Prevotella sp945863825
110000,0.006602641056422569,0.00749063670411985,0.0012004801920768306,0.00034002040122407346,2.0,2.0,1.0,/group/ctbrowngrp5/sourmash-db.new/gtdb-rs226/gtdb-rs226-k51.dna.rocksdb,GCA_034089445.1 Bariatricus sp.,9d20418ff58b4b6be00dd7d677cf98ec,0.04119850187265917,20000,113,11790000,outputs.mapping/bams.cds.rand/SRR8960968.x.s__Mogibacterium_A kristiansenii.fastq.gz,SRR8960968.x.s__Mogibacterium_A kristiansenii,d69f9a74,16660000,51,DNA,10000,1666,True,0.9062528105085715,0.9393789243231081,0.9228158674158398,0.9393789243231081,False,4,8586,11764,d__Bacteria;p__Bacillota;c__Clostridia;o__Lachnospirales;f__Lachnospiraceae;g__Bariatricus;s__Bariatricus sp004560705
30000,0.001800720288115246,0.005780346820809248,0.0012004801920768306,0.00017001020061203673,1.0,1.0,0.0,/group/ctbrowngrp5/sourmash-db.new/gtdb-rs226/gtdb-rs226-k51.dna.rocksdb,GCF_021531355.1 Leyella stercorea,54ca2f53dc3b2581e6ad7338841f2186,0.008670520231213872,20000,114,11770000,outputs.mapping/bams.cds.rand/SRR8960968.x.s__Mogibacterium_A kristiansenii.fastq.gz,SRR8960968.x.s__Mogibacterium_A kristiansenii,d69f9a74,16660000,51,DNA,10000,1666,True,0.8834566024074313,0.911107271768027,0.8972819370877292,0.911107271768027,True,2,8588,11764,d__Bacteria;p__Bacteroidota;c__Bacteroidia;o__Bacteroidales;f__Bacteroidaceae;g__Prevotella;s__Prevotella sp900552515
20000,0.0012004801920768306,0.009216589861751152,0.0012004801920768306,0.0004250255015300918,2.5,2.5,1.5,/group/ctbrowngrp5/sourmash-db.new/gtdb-rs226/gtdb-rs226-k51.dna.rocksdb,GCA_958437195.1 uncultured Eubacteriales bacterium,24a3a2382e19b99e639b017de23a4a5b,0.009216589861751152,20000,115,11750000,outputs.mapping/bams.cds.rand/SRR8960968.x.s__Mogibacterium_A kristiansenii.fastq.gz,SRR8960968.x.s__Mogibacterium_A kristiansenii,d69f9a74,16660000,51,DNA,10000,1666,True,0.8764607072739828,0.9121990444611786,0.8943298758675807,0.9121990444611786,True,5,8593,11764,d__Bacteria;p__Bacillota;c__Clostridia;o__Christensenellales;f__Aristaeellaceae;g__Egerieenecus;s__Egerieenecus sp900553315
50000,0.003001200480192077,0.009216589861751152,0.0012004801920768306,0.00034002040122407346,2.0,2.0,0.0,/group/ctbrowngrp5/sourmash-db.new/gtdb-rs226/gtdb-rs226-k51.dna.rocksdb,GCA_000980235.1 Ruminococcus sp. A254.MGS-254,01195f46f035f567ca552bddab5af029,0.02304147465437788,20000,116,11730000,outputs.mapping/bams.cds.rand/SRR8960968.x.s__Mogibacterium_A kristiansenii.fastq.gz,SRR8960968.x.s__Mogibacterium_A kristiansenii,d69f9a74,16660000,51,DNA,10000,1666,True,0.8923499347428504,0.9287361669973476,0.910543050870099,0.9287361669973476,True,4,8597,11764,d__Bacteria;p__Bacillota;c__Clostridia;o__Oscillospirales;f__Ruminococcaceae;g__Ruminococcus_C;s__Ruminococcus_C sp000433635
20000,0.0012004801920768306,0.004545454545454545,0.0012004801920768306,0.0004250255015300918,2.5,2.5,1.5,/group/ctbrowngrp5/sourmash-db.new/gtdb-rs226/gtdb-rs226-k51.dna.rocksdb,GCF_945899955.1 Eisenbergiella massiliensis,3f7fc74ef41a6a90950211b75a2fb59a,0.004545454545454545,20000,117,11710000,outputs.mapping/bams.cds.rand/SRR8960968.x.s__Mogibacterium_A kristiansenii.fastq.gz,SRR8960968.x.s__Mogibacterium_A kristiansenii,d69f9a74,16660000,51,DNA,10000,1666,True,0.8764607072739828,0.8996428723837347,0.8880517898288588,0.8996428723837347,True,5,8602,11764,d__Bacteria;p__Bacillota;c__Clostridia;o__Lachnospirales;f__Lachnospiraceae;g__Eisenbergiella;s__Eisenbergiella porci
40000,0.0024009603841536613,0.005333333333333333,0.0012004801920768306,0.0012750765045902754,7.5,7.5,0.5,/group/ctbrowngrp5/sourmash-db.new/gtdb-rs226/gtdb-rs226-k51.dna.rocksdb,GCA_900066055.1 uncultured Clostridium sp.,4d8b81b6f4ead57f800f38083bcd329e,0.010666666666666666,20000,118,11690000,outputs.mapping/bams.cds.rand/SRR8960968.x.s__Mogibacterium_A kristiansenii.fastq.gz,SRR8960968.x.s__Mogibacterium_A kristiansenii,d69f9a74,16660000,51,DNA,10000,1666,True,0.8884541082290704,0.9148163049962623,0.9016352066126664,0.9148163049962623,True,15,8617,11764,d__Bacteria;p__Bacillota;c__Clostridia;o__Lachnospirales;f__Lachnospiraceae;g__Pilosibacter;s__Pilosibacter sp900066055
80000,0.004801920768307323,0.006042296072507553,0.0012004801920768306,0.0005950357021421286,3.5,3.5,0.5,/group/ctbrowngrp5/sourmash-db.new/gtdb-rs226/gtdb-rs226-k51.dna.rocksdb,GCA_036318125.1 Oscillospiraceae bacterium CM710M_45,6e10f17e35819a000077b2e000065041,0.02416918429003021,20000,119,11670000,outputs.mapping/bams.cds.rand/SRR8960968.x.s__Mogibacterium_A kristiansenii.fastq.gz,SRR8960968.x.s__Mogibacterium_A kristiansenii,d69f9a74,16660000,51,DNA,10000,1666,True,0.9006116256873575,0.9296067205476575,0.9151091731175075,0.9296067205476575,False,7,8624,11764,d__Bacteria;p__Bacillota;c__Clostridia;o__Oscillospirales;f__Oscillospiraceae;g__Oscillibacter;s__Oscillibacter sp944387035
20000,0.0012004801920768306,0.007220216606498195,0.0012004801920768306,0.0022101326079564773,13.0,13.0,7.0,/group/ctbrowngrp5/sourmash-db.new/gtdb-rs226/gtdb-rs226-k51.dna.rocksdb,GCA_022482815.1 Acidaminococcus sp.,b81e24a9e5d64eb6580659ec1c783875,0.007220216606498195,20000,120,11650000,outputs.mapping/bams.cds.rand/SRR8960968.x.s__Mogibacterium_A kristiansenii.fastq.gz,SRR8960968.x.s__Mogibacterium_A kristiansenii,d69f9a74,16660000,51,DNA,10000,1666,True,0.8764607072739828,0.9078430825637916,0.8921518949188872,0.9078430825637916,True,26,8650,11764,d__Bacteria;p__Bacillota;c__Negativicutes;o__Acidaminococcales;f__Acidaminococcaceae;g__Acidaminococcus;s__Acidaminococcus sp022482815
30000,0.001800720288115246,0.007220216606498195,0.0012004801920768306,0.002890173410404624,17.0,17.0,3.0,/group/ctbrowngrp5/sourmash-db.new/gtdb-rs226/gtdb-rs226-k51.dna.rocksdb,GCF_009696005.1 Bilifractor porci,ffac9bb13de9fb710b3f8bc06f13ed97,0.010830324909747292,20000,121,11630000,outputs.mapping/bams.cds.rand/SRR8960968.x.s__Mogibacterium_A kristiansenii.fastq.gz,SRR8960968.x.s__Mogibacterium_A kristiansenii,d69f9a74,16660000,51,DNA,10000,1666,True,0.8834566024074313,0.9150894713072147,0.899273036857323,0.9150894713072147,True,34,8684,11764,d__Bacteria;p__Bacillota;c__Clostridia;o__Lachnospirales;f__Lachnospiraceae;g__Bilifractor;s__Bilifractor porci
60000,0.003601440576230492,0.006514657980456026,0.0012004801920768306,0.0002550153009180551,1.5,1.5,0.5,/group/ctbrowngrp5/sourmash-db.new/gtdb-rs226/gtdb-rs226-k51.dna.rocksdb,GCF_003287475.1 Faecalibacterium prausnitzii,eace6cb22da36825e2e8e2f0179402bb,0.019543973941368076,20000,122,11610000,outputs.mapping/bams.cds.rand/SRR8960968.x.s__Mogibacterium_A kristiansenii.fastq.gz,SRR8960968.x.s__Mogibacterium_A kristiansenii,d69f9a74,16660000,51,DNA,10000,1666,True,0.895545734494193,0.9257430249583641,0.9106443797262785,0.9257430249583641,True,3,8687,11764,d__Bacteria;p__Bacillota;c__Clostridia;o__Oscillospirales;f__Ruminococcaceae;g__Faecalibacterium;s__Faecalibacterium prausnitzii
60000,0.003601440576230492,0.0035842293906810036,0.0012004801920768306,0.0006800408024481469,4.0,4.0,0.0,/group/ctbrowngrp5/sourmash-db.new/gtdb-rs226/gtdb-rs226-k51.dna.rocksdb,GCA_932182455.1 uncultured Blautia sp.,67f5c55d1abe7e19f65c6e58c6df5e6d,0.010752688172043012,20000,123,11590000,outputs.mapping/bams.cds.rand/SRR8960968.x.s__Mogibacterium_A kristiansenii.fastq.gz,SRR8960968.x.s__Mogibacterium_A kristiansenii,d69f9a74,16660000,51,DNA,10000,1666,True,0.895545734494193,0.9149603940215936,0.9052530642578933,0.9149603940215936,True,8,8695,11764,d__Bacteria;p__Bacillota;c__Clostridia;o__Lachnospirales;f__Lachnospiraceae;g__Blautia;s__Blautia pseudococcoides
20000,0.0012004801920768306,0.010752688172043012,0.0012004801920768306,0.000935056103366202,5.5,5.5,4.5,/group/ctbrowngrp5/sourmash-db.new/gtdb-rs226/gtdb-rs226-k51.dna.rocksdb,GCF_000014405.1 Lactobacillus delbrueckii subsp. bulgaricus ATCC BAA-365,a51834caaa3d02226cba35699e987037,0.010752688172043012,20000,124,11570000,outputs.mapping/bams.cds.rand/SRR8960968.x.s__Mogibacterium_A kristiansenii.fastq.gz,SRR8960968.x.s__Mogibacterium_A kristiansenii,d69f9a74,16660000,51,DNA,10000,1666,True,0.8764607072739828,0.9149603940215936,0.8957105506477883,0.9149603940215936,True,11,8706,11764,d__Bacteria;p__Bacillota;c__Bacilli;o__Lactobacillales;f__Lactobacillaceae;g__Lactobacillus;s__Lactobacillus delbrueckii
30000,0.001800720288115246,0.004672897196261682,0.0006002400960384153,0.0699591975518531,823.0,823.0,0.0,/group/ctbrowngrp5/sourmash-db.new/gtdb-rs226/gtdb-rs226-k51.dna.rocksdb,GCF_001437365.1 Lactobacillus amylovorus DSM 16698,89c02a7f724dfc52de798b4ab114e323,0.014018691588785047,10000,125,11560000,outputs.mapping/bams.cds.rand/SRR8960968.x.s__Mogibacterium_A kristiansenii.fastq.gz,SRR8960968.x.s__Mogibacterium_A kristiansenii,d69f9a74,16660000,51,DNA,10000,1666,True,0.8834566024074313,0.9197312248210182,0.9015939136142248,0.9197312248210182,True,823,9529,11764,d__Bacteria;p__Bacillota;c__Bacilli;o__Lactobacillales;f__Lactobacillaceae;g__Lactobacillus;s__Lactobacillus amylovorus
10000,0.0006002400960384153,0.003278688524590164,0.0006002400960384153,8.500510030601836e-05,1.0,1.0,0.0,/group/ctbrowngrp5/sourmash-db.new/gtdb-rs226/gtdb-rs226-k51.dna.rocksdb,GCA_949050245.1 uncultured Muribaculaceae bacterium,dc0d92f381bf4a0d0b432b67245f2d78,0.003278688524590164,10000,126,11550000,outputs.mapping/bams.cds.rand/SRR8960968.x.s__Mogibacterium_A kristiansenii.fastq.gz,SRR8960968.x.s__Mogibacterium_A kristiansenii,d69f9a74,16660000,51,DNA,10000,1666,True,0.8646292073840568,0.8938985616055892,0.8792638844948231,0.8938985616055892,True,1,9530,11764,d__Bacteria;p__Bacteroidota;c__Bacteroidia;o__Bacteroidales;f__Muribaculaceae;g__UBA7173;s__UBA7173 sp910586565
10000,0.0006002400960384153,0.004629629629629629,0.0006002400960384153,0.0005950357021421286,7.0,7.0,0.0,/group/ctbrowngrp5/sourmash-db.new/gtdb-rs226/gtdb-rs226-k51.dna.rocksdb,GCF_040267755.1 Lactobacillus gasseri,214e92bbc90217477c71a621de757be5,0.004629629629629629,10000,127,11540000,outputs.mapping/bams.cds.rand/SRR8960968.x.s__Mogibacterium_A kristiansenii.fastq.gz,SRR8960968.x.s__Mogibacterium_A kristiansenii,d69f9a74,16660000,51,DNA,10000,1666,True,0.8646292073840568,0.8999666104581765,0.8822979089211167,0.8999666104581765,True,7,9537,11764,d__Bacteria;p__Bacillota;c__Bacilli;o__Lactobacillales;f__Lactobacillaceae;g__Lactobacillus;s__Lactobacillus paragasseri
10000,0.0006002400960384153,0.005025125628140704,0.0006002400960384153,0.0005100306018361102,6.0,6.0,0.0,/group/ctbrowngrp5/sourmash-db.new/gtdb-rs226/gtdb-rs226-k51.dna.rocksdb,GCA_902463605.1 uncultured Ruminococcus sp.,ba87a88c97e95ed3207fcbea6a22b337,0.005025125628140704,10000,128,11530000,outputs.mapping/bams.cds.rand/SRR8960968.x.s__Mogibacterium_A kristiansenii.fastq.gz,SRR8960968.x.s__Mogibacterium_A kristiansenii,d69f9a74,16660000,51,DNA,10000,1666,True,0.8646292073840568,0.9014143125831353,0.8830217599835961,0.9014143125831353,True,6,9543,11764,d__Bacteria;p__Bacillota;c__Clostridia;o__Lachnospirales;f__Lachnospiraceae;g__Mediterraneibacter;s__Mediterraneibacter sp934309415
10000,0.0006002400960384153,0.004784688995215311,0.0006002400960384153,0.00017001020061203673,2.0,2.0,0.0,/group/ctbrowngrp5/sourmash-db.new/gtdb-rs226/gtdb-rs226-k51.dna.rocksdb,GCF_034426895.1 Enterococcus cecorum,25b54bbcf9378b87991653cc9ddf833f,0.004784688995215311,10000,129,11520000,outputs.mapping/bams.cds.rand/SRR8960968.x.s__Mogibacterium_A kristiansenii.fastq.gz,SRR8960968.x.s__Mogibacterium_A kristiansenii,d69f9a74,16660000,51,DNA,10000,1666,True,0.8646292073840568,0.9005481441482567,0.8825886757661567,0.9005481441482567,True,2,9545,11764,d__Bacteria;p__Bacillota;c__Bacilli;o__Lactobacillales;f__Enterococcaceae;g__Enterococcus_E;s__Enterococcus_E cecorum
10000,0.0006002400960384153,0.007352941176470588,0.0006002400960384153,8.500510030601836e-05,1.0,1.0,0.0,/group/ctbrowngrp5/sourmash-db.new/gtdb-rs226/gtdb-rs226-k51.dna.rocksdb,GCA_034174055.1 Eubacteriales bacterium,203220d99f472ea7095e19bf314ba49b,0.007352941176470588,10000,130,11510000,outputs.mapping/bams.cds.rand/SRR8960968.x.s__Mogibacterium_A kristiansenii.fastq.gz,SRR8960968.x.s__Mogibacterium_A kristiansenii,d69f9a74,16660000,51,DNA,10000,1666,True,0.8646292073840568,0.9081673906938506,0.8863982990389536,0.9081673906938506,True,1,9546,11764,d__Bacteria;p__Bacillota;c__Clostridia;o__Christensenellales;f__CAG-917;g__CAG-349;s__CAG-349 sp003539515
10000,0.0006002400960384153,0.004347826086956522,0.0006002400960384153,0.00017001020061203673,2.0,2.0,0.0,/group/ctbrowngrp5/sourmash-db.new/gtdb-rs226/gtdb-rs226-k51.dna.rocksdb,GCA_959027845.1 uncultured Eubacteriales bacterium,82cebae598d6bc458bd368775c81fc1c,0.004347826086956522,10000,131,11500000,outputs.mapping/bams.cds.rand/SRR8960968.x.s__Mogibacterium_A kristiansenii.fastq.gz,SRR8960968.x.s__Mogibacterium_A kristiansenii,d69f9a74,16660000,51,DNA,10000,1666,True,0.8646292073840568,0.8988590824149439,0.8817441448995004,0.8988590824149439,True,2,9548,11764,d__Bacteria;p__Bacillota;c__Clostridia;o__Oscillospirales;f__Oscillospiraceae;g__Evtepia;s__Evtepia excrementipullorum
10000,0.0006002400960384153,0.003968253968253968,0.0006002400960384153,8.500510030601836e-05,1.0,1.0,0.0,/group/ctbrowngrp5/sourmash-db.new/gtdb-rs226/gtdb-rs226-k51.dna.rocksdb,GCF_025595025.1 Turicibacter sp. H121,9c3fcbd0b50e60b4dc8bc0100b9d8897,0.003968253968253968,10000,132,11490000,outputs.mapping/bams.cds.rand/SRR8960968.x.s__Mogibacterium_A kristiansenii.fastq.gz,SRR8960968.x.s__Mogibacterium_A kristiansenii,d69f9a74,16660000,51,DNA,10000,1666,True,0.8646292073840568,0.8972505121216641,0.8809398597528604,0.8972505121216641,True,1,9549,11764,d__Bacteria;p__Bacillota;c__Bacilli;o__MOL361;f__Turicibacteraceae;g__Turicibacter;s__Turicibacter bilis
20000,0.0012004801920768306,0.0033222591362126247,0.0006002400960384153,0.00017001020061203673,2.0,2.0,0.0,/group/ctbrowngrp5/sourmash-db.new/gtdb-rs226/gtdb-rs226-k51.dna.rocksdb,GCF_018916685.1 Intestinimonas butyriciproducens,2df3277b41b26b12cde9fc279b4dde2a,0.006644518272425249,10000,133,11480000,outputs.mapping/bams.cds.rand/SRR8960968.x.s__Mogibacterium_A kristiansenii.fastq.gz,SRR8960968.x.s__Mogibacterium_A kristiansenii,d69f9a74,16660000,51,DNA,10000,1666,True,0.8764607072739828,0.9063651655579615,0.8914129364159722,0.9063651655579615,True,2,9551,11764,d__Bacteria;p__Bacillota;c__Clostridia;o__Oscillospirales;f__Oscillospiraceae;g__Intestinimonas;s__Intestinimonas butyriciproducens
10000,0.0006002400960384153,0.0017985611510791368,0.0006002400960384153,8.500510030601836e-05,1.0,1.0,0.0,/group/ctbrowngrp5/sourmash-db.new/gtdb-rs226/gtdb-rs226-k51.dna.rocksdb,GCF_947054595.1 Clostridium neonatale,5e2329eb7fbf8e5dfa2c87e48f64edd5,0.0017985611510791368,10000,134,11470000,outputs.mapping/bams.cds.rand/SRR8960968.x.s__Mogibacterium_A kristiansenii.fastq.gz,SRR8960968.x.s__Mogibacterium_A kristiansenii,d69f9a74,16660000,51,DNA,10000,1666,True,0.8646292073840568,0.8834358195918314,0.8740325134879441,0.8834358195918314,True,1,9552,11764,d__Bacteria;p__Bacillota;c__Clostridia;o__Clostridiales;f__Clostridiaceae;g__Clostridium;s__Clostridium neonatale
50000,0.003001200480192077,0.0034602076124567475,0.0006002400960384153,8.500510030601836e-05,1.0,1.0,0.0,/group/ctbrowngrp5/sourmash-db.new/gtdb-rs226/gtdb-rs226-k51.dna.rocksdb,GCF_040095105.1 [Ruminococcus] torques,b709d78667ae5178e97f4f1b509a6044,0.01730103806228374,10000,135,11460000,outputs.mapping/bams.cds.rand/SRR8960968.x.s__Mogibacterium_A kristiansenii.fastq.gz,SRR8960968.x.s__Mogibacterium_A kristiansenii,d69f9a74,16660000,51,DNA,10000,1666,True,0.8923499347428504,0.9235329509013656,0.907941442822108,0.9235329509013656,True,1,9553,11764,d__Bacteria;p__Bacillota;c__Clostridia;o__Lachnospirales;f__Lachnospiraceae;g__Mediterraneibacter;s__Mediterraneibacter torques
50000,0.003001200480192077,0.0038910505836575876,0.0006002400960384153,8.500510030601836e-05,1.0,1.0,0.0,/group/ctbrowngrp5/sourmash-db.new/gtdb-rs226/gtdb-rs226-k51.dna.rocksdb,GCA_041406185.1 Oscillospiraceae bacterium,594f55557a916f5c6298291e86fb36b0,0.019455252918287938,10000,136,11450000,outputs.mapping/bams.cds.rand/SRR8960968.x.s__Mogibacterium_A kristiansenii.fastq.gz,SRR8960968.x.s__Mogibacterium_A kristiansenii,d69f9a74,16660000,51,DNA,10000,1666,True,0.8923499347428504,0.9256604397652374,0.9090051872540439,0.9256604397652374,True,1,9554,11764,d__Bacteria;p__Bacillota;c__Clostridia;o__Lachnospirales;f__Lachnospiraceae;g__Oliverpabstia;s__Oliverpabstia intestinalis
10000,0.0006002400960384153,0.007407407407407408,0.0006002400960384153,8.500510030601836e-05,1.0,1.0,0.0,/group/ctbrowngrp5/sourmash-db.new/gtdb-rs226/gtdb-rs226-k51.dna.rocksdb,GCA_037064685.1 Sutterella wadsworthensis,f12afecd0cab645075888b66cf6aba31,0.007407407407407408,10000,137,11440000,outputs.mapping/bams.cds.rand/SRR8960968.x.s__Mogibacterium_A kristiansenii.fastq.gz,SRR8960968.x.s__Mogibacterium_A kristiansenii,d69f9a74,16660000,51,DNA,10000,1666,True,0.8646292073840568,0.9082988192772692,0.8864640133306629,0.9082988192772692,True,1,9555,11764,d__Bacteria;p__Pseudomonadota;c__Gammaproteobacteria;o__Burkholderiales;f__Burkholderiaceae;g__Sutterella;s__Sutterella wadsworthensis_A
10000,0.0006002400960384153,0.0031746031746031746,0.0006002400960384153,0.0005950357021421286,7.0,7.0,0.0,/group/ctbrowngrp5/sourmash-db.new/gtdb-rs226/gtdb-rs226-k51.dna.rocksdb,GCA_028727045.1 Lachnospiraceae bacterium,1fa4a523766f9aee9cac3c30ff79928c,0.0031746031746031746,10000,138,11430000,outputs.mapping/bams.cds.rand/SRR8960968.x.s__Mogibacterium_A kristiansenii.fastq.gz,SRR8960968.x.s__Mogibacterium_A kristiansenii,d69f9a74,16660000,51,DNA,10000,1666,True,0.8646292073840568,0.8933332906387786,0.8789812490114177,0.8933332906387786,True,7,9562,11764,d__Bacteria;p__Bacillota;c__Clostridia;o__Lachnospirales;f__Lachnospiraceae;g__Suilimivivens;s__Suilimivivens sp017622575
10000,0.0006002400960384153,0.005154639175257732,0.0006002400960384153,8.500510030601836e-05,1.0,1.0,0.0,/group/ctbrowngrp5/sourmash-db.new/gtdb-rs226/gtdb-rs226-k51.dna.rocksdb,GCA_008667695.1 Neglectibacter sp.,81076f9b3db283fa727ec01313eb44c5,0.005154639175257732,10000,139,11420000,outputs.mapping/bams.cds.rand/SRR8960968.x.s__Mogibacterium_A kristiansenii.fastq.gz,SRR8960968.x.s__Mogibacterium_A kristiansenii,d69f9a74,16660000,51,DNA,10000,1666,True,0.8646292073840568,0.901864189290774,0.8832466983374154,0.901864189290774,True,1,9563,11764,d__Bacteria;p__Bacillota;c__Clostridia;o__Oscillospirales;f__Acutalibacteraceae;g__Hominenteromicrobium;s__Hominenteromicrobium mulieris
10000,0.0006002400960384153,0.0025974025974025974,0.0006002400960384153,0.0002550153009180551,3.0,3.0,0.0,/group/ctbrowngrp5/sourmash-db.new/gtdb-rs226/gtdb-rs226-k51.dna.rocksdb,GCA_900170005.1 Gordonibacter massiliensis (ex Traore et al. 2017),c493ea4c12b3aaeb4514a0c4002b8391,0.0025974025974025974,10000,140,11410000,outputs.mapping/bams.cds.rand/SRR8960968.x.s__Mogibacterium_A kristiansenii.fastq.gz,SRR8960968.x.s__Mogibacterium_A kristiansenii,d69f9a74,16660000,51,DNA,10000,1666,True,0.8646292073840568,0.8898251809431468,0.8772271941636018,0.8898251809431468,True,3,9566,11764,d__Bacteria;p__Actinomycetota;c__Coriobacteriia;o__Coriobacteriales;f__Eggerthellaceae;g__Gordonibacter;s__Gordonibacter massiliensis
10000,0.0006002400960384153,0.004672897196261682,0.0006002400960384153,0.00017001020061203673,2.0,2.0,0.0,/group/ctbrowngrp5/sourmash-db.new/gtdb-rs226/gtdb-rs226-k51.dna.rocksdb,GCA_022784565.1 Clostridiales bacterium,3985c71b58d8daf64a262ce6376e9695,0.004672897196261682,10000,141,11400000,outputs.mapping/bams.cds.rand/SRR8960968.x.s__Mogibacterium_A kristiansenii.fastq.gz,SRR8960968.x.s__Mogibacterium_A kristiansenii,d69f9a74,16660000,51,DNA,10000,1666,True,0.8646292073840568,0.9001307792101635,0.8823799932971101,0.9001307792101635,True,2,9568,11764,d__Bacteria;p__Bacillota;c__Clostridia;o__Peptostreptococcales;f__Anaerovoracaceae;g__Hornefia;s__Hornefia butyriciproducens
50000,0.003001200480192077,0.002967359050445104,0.0006002400960384153,0.00017001020061203673,2.0,2.0,0.0,/group/ctbrowngrp5/sourmash-db.new/gtdb-rs226/gtdb-rs226-k51.dna.rocksdb,GCF_019969405.1 Faecalibacterium prausnitzii,0aa153a2bc2371bb0b11b602ba8a5167,0.01483679525222552,10000,142,11390000,outputs.mapping/bams.cds.rand/SRR8960968.x.s__Mogibacterium_A kristiansenii.fastq.gz,SRR8960968.x.s__Mogibacterium_A kristiansenii,d69f9a74,16660000,51,DNA,10000,1666,True,0.8923499347428504,0.9207546559120915,0.906552295327471,0.9207546559120915,True,2,9570,11764,d__Bacteria;p__Bacillota;c__Clostridia;o__Oscillospirales;f__Ruminococcaceae;g__Faecalibacterium;s__Faecalibacterium prausnitzii
10000,0.0006002400960384153,0.005050505050505051,0.0006002400960384153,0.0004250255015300918,5.0,5.0,0.0,/group/ctbrowngrp5/sourmash-db.new/gtdb-rs226/gtdb-rs226-k51.dna.rocksdb,GCA_022786905.1 Bacillota bacterium,a6c32e4aae23dde8c5ec9206c50f5618,0.005050505050505051,10000,143,11380000,outputs.mapping/bams.cds.rand/SRR8960968.x.s__Mogibacterium_A kristiansenii.fastq.gz,SRR8960968.x.s__Mogibacterium_A kristiansenii,d69f9a74,16660000,51,DNA,10000,1666,True,0.8646292073840568,0.901503358934848,0.8830662831594525,0.901503358934848,True,5,9575,11764,d__Bacteria;p__Bacillota;c__Clostridia;o__Oscillospirales;f__Acutalibacteraceae;g__Hominenteromicrobium;s__Hominenteromicrobium mulieris
10000,0.0006002400960384153,0.0021413276231263384,0.0006002400960384153,0.0002550153009180551,3.0,3.0,0.0,/group/ctbrowngrp5/sourmash-db.new/gtdb-rs226/gtdb-rs226-k51.dna.rocksdb,GCA_948649165.1 uncultured Lachnospiraceae bacterium,611f643f4ad504f798f861b97fae2f08,0.0021413276231263384,10000,144,11370000,outputs.mapping/bams.cds.rand/SRR8960968.x.s__Mogibacterium_A kristiansenii.fastq.gz,SRR8960968.x.s__Mogibacterium_A kristiansenii,d69f9a74,16660000,51,DNA,10000,1666,True,0.8646292073840568,0.8864626733856426,0.8755459403848497,0.8864626733856426,True,3,9578,11764,d__Bacteria;p__Bacillota;c__Clostridia;o__Lachnospirales;f__Lachnospiraceae;g__COE1;s__COE1 sp003513705
90000,0.005402160864345739,0.003389830508474576,0.0006002400960384153,0.0004250255015300918,5.0,5.0,0.0,/group/ctbrowngrp5/sourmash-db.new/gtdb-rs226/gtdb-rs226-k51.dna.rocksdb,GCF_018784555.1 Faecalibacterium prausnitzii,12405909848be5721caa42a4b181af1f,0.030508474576271188,10000,145,11360000,outputs.mapping/bams.cds.rand/SRR8960968.x.s__Mogibacterium_A kristiansenii.fastq.gz,SRR8960968.x.s__Mogibacterium_A kristiansenii,d69f9a74,16660000,51,DNA,10000,1666,True,0.9026939660050095,0.9338621096473757,0.9182780378261926,0.9338621096473757,False,5,9583,11764,d__Bacteria;p__Bacillota;c__Clostridia;o__Oscillospirales;f__Ruminococcaceae;g__Faecalibacterium;s__Faecalibacterium duncaniae
10000,0.0006002400960384153,0.004273504273504274,0.0006002400960384153,0.0005100306018361102,6.0,6.0,0.0,/group/ctbrowngrp5/sourmash-db.new/gtdb-rs226/gtdb-rs226-k51.dna.rocksdb,GCA_034113185.1 Alloprevotella sp.,1fe92a167f6a6086e1b2c3fa479d8538,0.004273504273504274,10000,146,11350000,outputs.mapping/bams.cds.rand/SRR8960968.x.s__Mogibacterium_A kristiansenii.fastq.gz,SRR8960968.x.s__Mogibacterium_A kristiansenii,d69f9a74,16660000,51,DNA,10000,1666,True,0.8646292073840568,0.8985552523193859,0.8815922298517214,0.8985552523193859,True,6,9589,11764,d__Bacteria;p__Bacteroidota;c__Bacteroidia;o__Bacteroidales;f__Bacteroidaceae;g__Alloprevotella;s__Alloprevotella sp004555425
10000,0.0006002400960384153,0.004807692307692308,0.0006002400960384153,0.0004250255015300918,5.0,5.0,0.0,/group/ctbrowngrp5/sourmash-db.new/gtdb-rs226/gtdb-rs226-k51.dna.rocksdb,GCA_014868685.1 Faecalibacterium prausnitzii,e58933881ac507a17626ff2e61f5517f,0.004807692307692308,10000,147,11340000,outputs.mapping/bams.cds.rand/SRR8960968.x.s__Mogibacterium_A kristiansenii.fastq.gz,SRR8960968.x.s__Mogibacterium_A kristiansenii,d69f9a74,16660000,51,DNA,10000,1666,True,0.8646292073840568,0.9006328380135685,0.8826310226988127,0.9006328380135685,True,5,9594,11764,d__Bacteria;p__Bacillota;c__Clostridia;o__Oscillospirales;f__Ruminococcaceae;g__Faecalibacterium;s__Faecalibacterium prausnitzii
60000,0.003601440576230492,0.0022675736961451248,0.0006002400960384153,0.00017001020061203673,2.0,2.0,0.0,/group/ctbrowngrp5/sourmash-db.new/gtdb-rs226/gtdb-rs226-k51.dna.rocksdb,GCF_020554705.1 Eubacterium callanderi,4e1e4c35ffe0a7d72cd51dac18fd1b18,0.013605442176870748,10000,148,11330000,outputs.mapping/bams.cds.rand/SRR8960968.x.s__Mogibacterium_A kristiansenii.fastq.gz,SRR8960968.x.s__Mogibacterium_A kristiansenii,d69f9a74,16660000,51,DNA,10000,1666,True,0.895545734494193,0.9191917771368738,0.9073687558155334,0.9191917771368738,True,2,9596,11764,d__Bacteria;p__Bacillota;c__Clostridia;o__Eubacteriales;f__Eubacteriaceae;g__Eubacterium;s__Eubacterium callanderi
10000,0.0006002400960384153,0.008771929824561403,0.0006002400960384153,8.500510030601836e-05,1.0,1.0,0.0,/group/ctbrowngrp5/sourmash-db.new/gtdb-rs226/gtdb-rs226-k51.dna.rocksdb,GCA_959598375.1 uncultured Firmicutes bacterium,0b6042bd2ee0b77a85c1ea557acf9bd8,0.008771929824561403,10000,149,11320000,outputs.mapping/bams.cds.rand/SRR8960968.x.s__Mogibacterium_A kristiansenii.fastq.gz,SRR8960968.x.s__Mogibacterium_A kristiansenii,d69f9a74,16660000,51,DNA,10000,1666,True,0.8646292073840568,0.911315028588222,0.8879721179861394,0.911315028588222,True,1,9597,11764,d__Bacteria;p__Bacillota;c__Bacilli;o__RF39;f__UBA660;g__Onthocola_B;s__Onthocola_B sp900544625
10000,0.0006002400960384153,0.005235602094240838,0.0006002400960384153,8.500510030601836e-05,1.0,1.0,0.0,/group/ctbrowngrp5/sourmash-db.new/gtdb-rs226/gtdb-rs226-k51.dna.rocksdb,GCF_959599215.1 Megasphaera elsdenii,d1f86c4ce6005de9a6ad59df5351bb21,0.005235602094240838,10000,150,11310000,outputs.mapping/bams.cds.rand/SRR8960968.x.s__Mogibacterium_A kristiansenii.fastq.gz,SRR8960968.x.s__Mogibacterium_A kristiansenii,d69f9a74,16660000,51,DNA,10000,1666,True,0.8646292073840568,0.9021398257330133,0.883384516558535,0.9021398257330133,True,1,9598,11764,d__Bacteria;p__Bacillota;c__Negativicutes;o__Veillonellales;f__Megasphaeraceae;g__Megasphaera;s__Megasphaera elsdenii
10000,0.0006002400960384153,0.005813953488372093,0.0006002400960384153,0.000935056103366202,11.0,11.0,0.0,/group/ctbrowngrp5/sourmash-db.new/gtdb-rs226/gtdb-rs226-k51.dna.rocksdb,GCA_028720885.1 Erysipelotrichaceae bacterium,bcf97a3c7d47222a9f955c4b9467e818,0.005813953488372093,10000,151,11300000,outputs.mapping/bams.cds.rand/SRR8960968.x.s__Mogibacterium_A kristiansenii.fastq.gz,SRR8960968.x.s__Mogibacterium_A kristiansenii,d69f9a74,16660000,51,DNA,10000,1666,True,0.8646292073840568,0.903995167535116,0.8843121874595864,0.903995167535116,True,11,9609,11764,d__Bacteria;p__Bacillota;c__Bacilli;o__Erysipelotrichales;f__Erysipelotrichaceae;g__Bulleidia;s__Bulleidia sp900539965
10000,0.0006002400960384153,0.0038461538461538464,0.0006002400960384153,8.500510030601836e-05,1.0,1.0,0.0,/group/ctbrowngrp5/sourmash-db.new/gtdb-rs226/gtdb-rs226-k51.dna.rocksdb,GCA_028705855.1 Limnochordia bacterium,60459d4db0f55ccd599d6fdcf99ccc5f,0.0038461538461538464,10000,152,11290000,outputs.mapping/bams.cds.rand/SRR8960968.x.s__Mogibacterium_A kristiansenii.fastq.gz,SRR8960968.x.s__Mogibacterium_A kristiansenii,d69f9a74,16660000,51,DNA,10000,1666,True,0.8646292073840568,0.896700849952713,0.8806650286683849,0.896700849952713,True,1,9610,11764,d__Bacteria;p__Bacillota;c__Limnochordia;o__DUMW01;f__DUMW01;g__JALNWK01;s__JALNWK01 sp023230925
10000,0.0006002400960384153,0.0055248618784530384,0.0006002400960384153,8.500510030601836e-05,1.0,1.0,0.0,/group/ctbrowngrp5/sourmash-db.new/gtdb-rs226/gtdb-rs226-k51.dna.rocksdb,GCA_902477485.1 uncultured Firmicutes bacterium,1c3bf43e1d7060c6a22f18e3cb3b7cb1,0.0055248618784530384,10000,153,11280000,outputs.mapping/bams.cds.rand/SRR8960968.x.s__Mogibacterium_A kristiansenii.fastq.gz,SRR8960968.x.s__Mogibacterium_A kristiansenii,d69f9a74,16660000,51,DNA,10000,1666,True,0.8646292073840568,0.9030915789811151,0.8838603931825859,0.9030915789811151,True,1,9611,11764,d__Bacteria;p__Bacillota;c__Clostridia;o__Peptostreptococcales;f__Anaerovoracaceae;g__Fimisoma;s__Fimisoma sp002320005
10000,0.0006002400960384153,0.008771929824561403,0.0006002400960384153,8.500510030601836e-05,1.0,1.0,0.0,/group/ctbrowngrp5/sourmash-db.new/gtdb-rs226/gtdb-rs226-k51.dna.rocksdb,GCA_022780765.1 Bacilli bacterium,9ce83249623a09edeafa0bcf6fab51a2,0.008771929824561403,10000,154,11270000,outputs.mapping/bams.cds.rand/SRR8960968.x.s__Mogibacterium_A kristiansenii.fastq.gz,SRR8960968.x.s__Mogibacterium_A kristiansenii,d69f9a74,16660000,51,DNA,10000,1666,True,0.8646292073840568,0.911315028588222,0.8879721179861394,0.911315028588222,True,1,9612,11764,d__Bacteria;p__Bacillota;c__Bacilli;o__RFN20;f__CAG-288;g__Enterosoma;s__Enterosoma sp022780765
10000,0.0006002400960384153,0.004081632653061225,0.0006002400960384153,8.500510030601836e-05,1.0,1.0,0.0,/group/ctbrowngrp5/sourmash-db.new/gtdb-rs226/gtdb-rs226-k51.dna.rocksdb,GCA_900763825.1 uncultured Prevotella sp.,7f0118ff1001444d01de64a75678ed78,0.004081632653061225,10000,155,11260000,outputs.mapping/bams.cds.rand/SRR8960968.x.s__Mogibacterium_A kristiansenii.fastq.gz,SRR8960968.x.s__Mogibacterium_A kristiansenii,d69f9a74,16660000,51,DNA,10000,1666,True,0.8646292073840568,0.897746263416111,0.8811877354000839,0.897746263416111,True,1,9613,11764,d__Bacteria;p__Bacteroidota;c__Bacteroidia;o__Bacteroidales;f__Bacteroidaceae;g__Prevotella;s__Prevotella sp900552675
10000,0.0006002400960384153,0.00398406374501992,0.0006002400960384153,8.500510030601836e-05,1.0,1.0,0.0,/group/ctbrowngrp5/sourmash-db.new/gtdb-rs226/gtdb-rs226-k51.dna.rocksdb,GCA_945927885.1 uncultured Prevotellaceae bacterium,4f7bc0ed188ac92b11a261a43ace5a0c,0.00398406374501992,10000,156,11250000,outputs.mapping/bams.cds.rand/SRR8960968.x.s__Mogibacterium_A kristiansenii.fastq.gz,SRR8960968.x.s__Mogibacterium_A kristiansenii,d69f9a74,16660000,51,DNA,10000,1666,True,0.8646292073840568,0.8973204678127464,0.8809748375984017,0.8973204678127464,True,1,9614,11764,d__Bacteria;p__Bacteroidota;c__Bacteroidia;o__Bacteroidales;f__Bacteroidaceae;g__Prevotella;s__Prevotella sp945941025
20000,0.0012004801920768306,0.002631578947368421,0.0006002400960384153,0.0016150969058143488,19.0,19.0,0.0,/group/ctbrowngrp5/sourmash-db.new/gtdb-rs226/gtdb-rs226-k51.dna.rocksdb,GCA_024399065.1 Fibrobacter sp.,8845ef7af15774a9c9b0e0f93c609b09,0.005263157894736842,10000,157,11240000,outputs.mapping/bams.cds.rand/SRR8960968.x.s__Mogibacterium_A kristiansenii.fastq.gz,SRR8960968.x.s__Mogibacterium_A kristiansenii,d69f9a74,16660000,51,DNA,10000,1666,True,0.8764607072739828,0.9022326864532024,0.8893466968635926,0.9022326864532024,True,19,9633,11764,d__Bacteria;p__Fibrobacterota;c__Fibrobacteria;o__Fibrobacterales;f__Fibrobacteraceae;g__Fibrobacter;s__Fibrobacter sp024399065
10000,0.0006002400960384153,0.007518796992481203,0.0006002400960384153,8.500510030601836e-05,1.0,1.0,0.0,/group/ctbrowngrp5/sourmash-db.new/gtdb-rs226/gtdb-rs226-k51.dna.rocksdb,GCA_028726405.1 bacterium,20ecee4f4c16cd31eec85eea7e66cb0a,0.007518796992481203,10000,158,11230000,outputs.mapping/bams.cds.rand/SRR8960968.x.s__Mogibacterium_A kristiansenii.fastq.gz,SRR8960968.x.s__Mogibacterium_A kristiansenii,d69f9a74,16660000,51,DNA,10000,1666,True,0.8646292073840568,0.9085646807370644,0.8865969440605606,0.9085646807370644,True,1,9634,11764,d__Bacteria;p__Bacillota;c__Bacilli;o__RFN20;f__CAG-288;g__Enterosoma;s__Enterosoma sp022774485
10000,0.0006002400960384153,0.004651162790697674,0.0006002400960384153,8.500510030601836e-05,1.0,1.0,0.0,/group/ctbrowngrp5/sourmash-db.new/gtdb-rs226/gtdb-rs226-k51.dna.rocksdb,GCA_900761025.1 Clostridia bacterium,af1a145c5be24b536d71a7bb59e75dd9,0.004651162790697674,10000,159,11220000,outputs.mapping/bams.cds.rand/SRR8960968.x.s__Mogibacterium_A kristiansenii.fastq.gz,SRR8960968.x.s__Mogibacterium_A kristiansenii,d69f9a74,16660000,51,DNA,10000,1666,True,0.8646292073840568,0.90004850019656,0.8823388537903084,0.90004850019656,True,1,9635,11764,d__Bacteria;p__Bacillota;c__Clostridia;o__Oscillospirales;f__CAG-272;g__UMGS902;s__UMGS902 sp900761025
40000,0.0024009603841536613,0.003289473684210526,0.0006002400960384153,8.500510030601836e-05,1.0,1.0,0.0,/group/ctbrowngrp5/sourmash-db.new/gtdb-rs226/gtdb-rs226-k51.dna.rocksdb,GCF_025630755.1 Acutalibacter sp. LFL-21,977100b909243ddb80a6b78ded4057a6,0.013157894736842105,10000,160,11210000,outputs.mapping/bams.cds.rand/SRR8960968.x.s__Mogibacterium_A kristiansenii.fastq.gz,SRR8960968.x.s__Mogibacterium_A kristiansenii,d69f9a74,16660000,51,DNA,10000,1666,True,0.8884541082290704,0.9185891303484345,0.9035216192887525,0.9185891303484345,True,1,9636,11764,d__Bacteria;p__Bacillota;c__Clostridia;o__Oscillospirales;f__Acutalibacteraceae;g__Acutalibacter;s__Acutalibacter stercoravium
10000,0.0006002400960384153,0.0035842293906810036,0.0006002400960384153,8.500510030601836e-05,1.0,1.0,0.0,/group/ctbrowngrp5/sourmash-db.new/gtdb-rs226/gtdb-rs226-k51.dna.rocksdb,GCF_022846135.1 Pyramidobacter piscolens,53f6dd5d14448f829730b2aecced9baa,0.0035842293906810036,10000,161,11200000,outputs.mapping/bams.cds.rand/SRR8960968.x.s__Mogibacterium_A kristiansenii.fastq.gz,SRR8960968.x.s__Mogibacterium_A kristiansenii,d69f9a74,16660000,51,DNA,10000,1666,True,0.8646292073840568,0.8954616198633102,0.8800454136236835,0.8954616198633102,True,1,9637,11764,d__Bacteria;p__Synergistota;c__Synergistia;o__Synergistales;f__Dethiosulfovibrionaceae;g__Pyramidobacter;s__Pyramidobacter piscolens
50000,0.003001200480192077,0.003134796238244514,0.0006002400960384153,8.500510030601836e-05,1.0,1.0,0.0,/group/ctbrowngrp5/sourmash-db.new/gtdb-rs226/gtdb-rs226-k51.dna.rocksdb,GCF_001406755.1 [Ruminococcus] torques,6b207f601d24b9ef693ee8fedbbd5117,0.01567398119122257,10000,162,11190000,outputs.mapping/bams.cds.rand/SRR8960968.x.s__Mogibacterium_A kristiansenii.fastq.gz,SRR8960968.x.s__Mogibacterium_A kristiansenii,d69f9a74,16660000,51,DNA,10000,1666,True,0.8923499347428504,0.9217462071856855,0.9070480709642679,0.9217462071856855,True,1,9638,11764,d__Bacteria;p__Bacillota;c__Clostridia;o__Lachnospirales;f__Lachnospiraceae;g__Mediterraneibacter;s__Mediterraneibacter faecis
10000,0.0006002400960384153,0.004329004329004329,0.0006002400960384153,0.002805168310098606,33.0,33.0,0.0,/group/ctbrowngrp5/sourmash-db.new/gtdb-rs226/gtdb-rs226-k51.dna.rocksdb,GCF_033971885.1 Absicoccus intestinalis,af11a95c68891c858aa7ce2001f0c7a0,0.004329004329004329,10000,163,11180000,outputs.mapping/bams.cds.rand/SRR8960968.x.s__Mogibacterium_A kristiansenii.fastq.gz,SRR8960968.x.s__Mogibacterium_A kristiansenii,d69f9a74,16660000,51,DNA,10000,1666,True,0.8646292073840568,0.8987826226929593,0.881705915038508,0.8987826226929593,True,33,9671,11764,d__Bacteria;p__Bacillota;c__Bacilli;o__Erysipelotrichales;f__Erysipelotrichaceae;g__Absicoccus;s__Absicoccus intestinalis
40000,0.0024009603841536613,0.002857142857142857,0.0006002400960384153,8.500510030601836e-05,1.0,1.0,0.0,/group/ctbrowngrp5/sourmash-db.new/gtdb-rs226/gtdb-rs226-k51.dna.rocksdb,GCF_040094645.1 Hominifimenecus microfluidus,a2a8b439ad2d9d788b26d702e75ae399,0.011428571428571429,10000,164,11170000,outputs.mapping/bams.cds.rand/SRR8960968.x.s__Mogibacterium_A kristiansenii.fastq.gz,SRR8960968.x.s__Mogibacterium_A kristiansenii,d69f9a74,16660000,51,DNA,10000,1666,True,0.8884541082290704,0.9160547072432479,0.9022544077361592,0.9160547072432479,True,1,9672,11764,d__Bacteria;p__Bacillota;c__Clostridia;o__Lachnospirales;f__Lachnospiraceae;g__Hominifimenecus;s__Hominifimenecus microfluidus
20000,0.0012004801920768306,0.00273224043715847,0.0006002400960384153,8.500510030601836e-05,1.0,1.0,0.0,/group/ctbrowngrp5/sourmash-db.new/gtdb-rs226/gtdb-rs226-k51.dna.rocksdb,GCA_900771955.1 Lachnospiraceae bacterium,22c4d676d349bb74061604f607547331,0.00546448087431694,10000,165,11160000,outputs.mapping/bams.cds.rand/SRR8960968.x.s__Mogibacterium_A kristiansenii.fastq.gz,SRR8960968.x.s__Mogibacterium_A kristiansenii,d69f9a74,16660000,51,DNA,10000,1666,True,0.8764607072739828,0.9028970081176741,0.8896788576958286,0.9028970081176741,True,1,9673,11764,d__Bacteria;p__Bacillota;c__Clostridia;o__Lachnospirales;f__Lachnospiraceae;g__Roseburia_D;s__Roseburia_D sp900771955
10000,0.0006002400960384153,0.004545454545454545,0.0006002400960384153,0.0002550153009180551,3.0,3.0,0.0,/group/ctbrowngrp5/sourmash-db.new/gtdb-rs226/gtdb-rs226-k51.dna.rocksdb,GCA_948751085.1 uncultured Oscillospiraceae bacterium,ba40cdb1cebfa775676263524ca95551,0.004545454545454545,10000,166,11150000,outputs.mapping/bams.cds.rand/SRR8960968.x.s__Mogibacterium_A kristiansenii.fastq.gz,SRR8960968.x.s__Mogibacterium_A kristiansenii,d69f9a74,16660000,51,DNA,10000,1666,True,0.8646292073840568,0.8996428723837347,0.8821360398838958,0.8996428723837347,True,3,9676,11764,d__Bacteria;p__Bacillota;c__Clostridia;o__Oscillospirales;f__Ruminococcaceae;g__Porcipelethomonas;s__Porcipelethomonas sp910588145
20000,0.0012004801920768306,0.0036496350364963502,0.0006002400960384153,8.500510030601836e-05,1.0,1.0,0.0,/group/ctbrowngrp5/sourmash-db.new/gtdb-rs226/gtdb-rs226-k51.dna.rocksdb,GCA_004558465.1 Bacteroidales bacterium,1717ac675251252634bb28bfa942ff63,0.0072992700729927005,10000,167,11140000,outputs.mapping/bams.cds.rand/SRR8960968.x.s__Mogibacterium_A kristiansenii.fastq.gz,SRR8960968.x.s__Mogibacterium_A kristiansenii,d69f9a74,16660000,51,DNA,10000,1666,True,0.8764607072739828,0.908036943774764,0.8922488255243735,0.908036943774764,True,1,9677,11764,d__Bacteria;p__Bacteroidota;c__Bacteroidia;o__Bacteroidales;f__UBA932;g__Cryptobacteroides;s__Cryptobacteroides sp000431015
10000,0.0006002400960384153,0.0049261083743842365,0.0006002400960384153,0.00017001020061203673,2.0,2.0,0.0,/group/ctbrowngrp5/sourmash-db.new/gtdb-rs226/gtdb-rs226-k51.dna.rocksdb,GCA_004558645.1 Oscillospiraceae bacterium,c0d5e920f6087df74ad1750bfa96151c,0.0049261083743842365,10000,168,11130000,outputs.mapping/bams.cds.rand/SRR8960968.x.s__Mogibacterium_A kristiansenii.fastq.gz,SRR8960968.x.s__Mogibacterium_A kristiansenii,d69f9a74,16660000,51,DNA,10000,1666,True,0.8646292073840568,0.9010626324715498,0.8828459199278034,0.9010626324715498,True,2,9679,11764,d__Bacteria;p__Bacillota;c__Clostridia;o__Oscillospirales;f__Ruminococcaceae;g__Angelakisella;s__Angelakisella sp004557855
10000,0.0006002400960384153,0.004405286343612335,0.0006002400960384153,0.00017001020061203673,2.0,2.0,0.0,/group/ctbrowngrp5/sourmash-db.new/gtdb-rs226/gtdb-rs226-k51.dna.rocksdb,GCF_964259365.1 Parafannyhessea umbonata,b782ecffa89efa2f02464eb2917ee87b,0.004405286343612335,10000,169,11120000,outputs.mapping/bams.cds.rand/SRR8960968.x.s__Mogibacterium_A kristiansenii.fastq.gz,SRR8960968.x.s__Mogibacterium_A kristiansenii,d69f9a74,16660000,51,DNA,10000,1666,True,0.8646292073840568,0.8990905118668127,0.8818598596254348,0.8990905118668127,True,2,9681,11764,d__Bacteria;p__Actinomycetota;c__Coriobacteriia;o__Coriobacteriales;f__Atopobiaceae;g__Parafannyhessea;s__Parafannyhessea sp900538935
10000,0.0006002400960384153,0.006666666666666667,0.0006002400960384153,0.00017001020061203673,2.0,2.0,0.0,/group/ctbrowngrp5/sourmash-db.new/gtdb-rs226/gtdb-rs226-k51.dna.rocksdb,GCA_945915065.1 uncultured Clostridia bacterium,6d1f4f942ff3960496b8a9d2b1bcec92,0.006666666666666667,10000,170,11110000,outputs.mapping/bams.cds.rand/SRR8960968.x.s__Mogibacterium_A kristiansenii.fastq.gz,SRR8960968.x.s__Mogibacterium_A kristiansenii,d69f9a74,16660000,51,DNA,10000,1666,True,0.8646292073840568,0.9064243085270774,0.8855267579555671,0.9064243085270774,True,2,9683,11764,d__Bacteria;p__Bacillota;c__Clostridia;o__Oscillospirales;f__Oscillospiraceae;g__Vescimonas;s__Vescimonas sp945915065
10000,0.0006002400960384153,0.002079002079002079,0.0006002400960384153,8.500510030601836e-05,1.0,1.0,0.0,/group/ctbrowngrp5/sourmash-db.new/gtdb-rs226/gtdb-rs226-k51.dna.rocksdb,GCA_037337725.1 Bacteroides salyersiae,a457d3d7a7414bc1d00c1482acc8b4e1,0.002079002079002079,10000,171,11100000,outputs.mapping/bams.cds.rand/SRR8960968.x.s__Mogibacterium_A kristiansenii.fastq.gz,SRR8960968.x.s__Mogibacterium_A kristiansenii,d69f9a74,16660000,51,DNA,10000,1666,True,0.8646292073840568,0.8859494034983213,0.875289305441189,0.8859494034983213,True,1,9684,11764,d__Bacteria;p__Bacteroidota;c__Bacteroidia;o__Bacteroidales;f__Bacteroidaceae;g__Bacteroides;s__Bacteroides salyersiae
10000,0.0006002400960384153,0.007352941176470588,0.0006002400960384153,8.500510030601836e-05,1.0,1.0,0.0,/group/ctbrowngrp5/sourmash-db.new/gtdb-rs226/gtdb-rs226-k51.dna.rocksdb,GCA_934281645.1 uncultured Clostridia bacterium,551582ed127a8cada3f67a9d24a35f27,0.007352941176470588,10000,172,11090000,outputs.mapping/bams.cds.rand/SRR8960968.x.s__Mogibacterium_A kristiansenii.fastq.gz,SRR8960968.x.s__Mogibacterium_A kristiansenii,d69f9a74,16660000,51,DNA,10000,1666,True,0.8646292073840568,0.9081673906938506,0.8863982990389536,0.9081673906938506,True,1,9685,11764,d__Bacteria;p__Bacillota;c__Clostridia;o__Peptostreptococcales;f__Anaerovoracaceae;g__Lentihominibacter;s__Lentihominibacter butyricus
20000,0.0012004801920768306,0.004608294930875576,0.0006002400960384153,0.00017001020061203673,2.0,2.0,0.0,/group/ctbrowngrp5/sourmash-db.new/gtdb-rs226/gtdb-rs226-k51.dna.rocksdb,GCA_963619255.1 Bacteroides sp. CAG:770,62b30f5e0725eabe60f7a998aa949666,0.009216589861751152,10000,173,11080000,outputs.mapping/bams.cds.rand/SRR8960968.x.s__Mogibacterium_A kristiansenii.fastq.gz,SRR8960968.x.s__Mogibacterium_A kristiansenii,d69f9a74,16660000,51,DNA,10000,1666,True,0.8764607072739828,0.9121990444611786,0.8943298758675807,0.9121990444611786,True,2,9687,11764,d__Bacteria;p__Bacillota;c__Clostridia;o__Lachnospirales;f__Lachnospiraceae;g__CAG-791;s__CAG-791 sp000431495
10000,0.0006002400960384153,0.004098360655737705,0.0006002400960384153,8.500510030601836e-05,1.0,1.0,0.0,/group/ctbrowngrp5/sourmash-db.new/gtdb-rs226/gtdb-rs226-k51.dna.rocksdb,GCA_030539975.1 Eubacteriales bacterium,79e8ffd37a18bbdae0b0e5ad53da3d67,0.004098360655737705,10000,174,11070000,outputs.mapping/bams.cds.rand/SRR8960968.x.s__Mogibacterium_A kristiansenii.fastq.gz,SRR8960968.x.s__Mogibacterium_A kristiansenii,d69f9a74,16660000,51,DNA,10000,1666,True,0.8646292073840568,0.8978182617731918,0.8812237345786242,0.8978182617731918,True,1,9688,11764,d__Bacteria;p__Bacillota;c__Clostridia;o__Oscillospirales;f__Butyricicoccaceae;g__Butyricicoccus_A;s__Butyricicoccus_A intestinisimiae
20000,0.0012004801920768306,0.00392156862745098,0.0006002400960384153,8.500510030601836e-05,1.0,1.0,0.0,/group/ctbrowngrp5/sourmash-db.new/gtdb-rs226/gtdb-rs226-k51.dna.rocksdb,GCA_027682225.1 Firmicutes bacterium AF54-29pH10A,07f8aeb7c5f74642f99faf610c0ed8b3,0.00784313725490196,10000,175,11060000,outputs.mapping/bams.cds.rand/SRR8960968.x.s__Mogibacterium_A kristiansenii.fastq.gz,SRR8960968.x.s__Mogibacterium_A kristiansenii,d69f9a74,16660000,51,DNA,10000,1666,True,0.8764607072739828,0.9093173687616155,0.8928890380177992,0.9093173687616155,True,1,9689,11764,d__Bacteria;p__Bacillota;c__Clostridia;o__Peptostreptococcales;f__Anaerovoracaceae;g__CAG-238;s__CAG-238 sp900754805
10000,0.0006002400960384153,0.0011862396204033216,0.0006002400960384153,8.500510030601836e-05,1.0,1.0,0.0,/group/ctbrowngrp5/sourmash-db.new/gtdb-rs226/gtdb-rs226-k51.dna.rocksdb,GCF_041028215.1 Streptomyces flavofungini,c91867cf87829569a5385d1ad9a9a70b,0.0011862396204033216,10000,176,11050000,outputs.mapping/bams.cds.rand/SRR8960968.x.s__Mogibacterium_A kristiansenii.fastq.gz,SRR8960968.x.s__Mogibacterium_A kristiansenii,d69f9a74,16660000,51,DNA,10000,1666,True,0.8646292073840568,0.8762556512173197,0.8704424293006883,0.8762556512173197,True,1,9690,11764,d__Bacteria;p__Actinomycetota;c__Actinomycetes;o__Streptomycetales;f__Streptomycetaceae;g__Streptomyces;s__Streptomyces flavofungini_B
10000,0.0006002400960384153,0.003484320557491289,0.0006002400960384153,0.004420265215912955,52.0,52.0,0.0,/group/ctbrowngrp5/sourmash-db.new/gtdb-rs226/gtdb-rs226-k51.dna.rocksdb,GCA_022778645.1 Lachnospiraceae bacterium,0a1139fb50b699d322a1a0575fbb7e19,0.003484320557491289,10000,177,11040000,outputs.mapping/bams.cds.rand/SRR8960968.x.s__Mogibacterium_A kristiansenii.fastq.gz,SRR8960968.x.s__Mogibacterium_A kristiansenii,d69f9a74,16660000,51,DNA,10000,1666,True,0.8646292073840568,0.8949653831278861,0.8797972952559714,0.8949653831278861,True,52,9742,11764,d__Bacteria;p__Bacillota;c__Clostridia;o__Lachnospirales;f__Lachnospiraceae;g__Bilifractor;s__Bilifractor sp900314295
10000,0.0006002400960384153,0.005747126436781609,0.0006002400960384153,8.500510030601836e-05,1.0,1.0,0.0,/group/ctbrowngrp5/sourmash-db.new/gtdb-rs226/gtdb-rs226-k51.dna.rocksdb,GCA_937983995.1 uncultured Clostridia bacterium,ebdffd5eba51b0d06a72b23082f0e375,0.005747126436781609,10000,178,11030000,outputs.mapping/bams.cds.rand/SRR8960968.x.s__Mogibacterium_A kristiansenii.fastq.gz,SRR8960968.x.s__Mogibacterium_A kristiansenii,d69f9a74,16660000,51,DNA,10000,1666,True,0.8646292073840568,0.9037902706106046,0.8842097389973307,0.9037902706106046,True,1,9743,11764,d__Bacteria;p__Bacillota;c__Clostridia;o__Oscillospirales;f__Ruminococcaceae;g__SFJ001;s__SFJ001 sp004555865
20000,0.0012004801920768306,0.0031645569620253164,0.0006002400960384153,8.500510030601836e-05,1.0,1.0,0.0,/group/ctbrowngrp5/sourmash-db.new/gtdb-rs226/gtdb-rs226-k51.dna.rocksdb,GCA_937957755.1 uncultured Clostridia bacterium,85ae76067b2c72006111f4072863965c,0.006329113924050633,10000,179,11020000,outputs.mapping/bams.cds.rand/SRR8960968.x.s__Mogibacterium_A kristiansenii.fastq.gz,SRR8960968.x.s__Mogibacterium_A kristiansenii,d69f9a74,16660000,51,DNA,10000,1666,True,0.8764607072739828,0.9055012970243063,0.8909810021491446,0.9055012970243063,True,1,9744,11764,d__Bacteria;p__Bacillota;c__Clostridia;o__Oscillospirales;f__Oscillospiraceae;g__Faecousia;s__Faecousia sp900540635
50000,0.003001200480192077,0.0040650406504065045,0.0006002400960384153,0.0004250255015300918,5.0,5.0,0.0,/group/ctbrowngrp5/sourmash-db.new/gtdb-rs226/gtdb-rs226-k51.dna.rocksdb,GCA_946406425.1 uncultured Clostridia bacterium,9262c773bd22c4815428e752ec6416de,0.02032520325203252,10000,180,11010000,outputs.mapping/bams.cds.rand/SRR8960968.x.s__Mogibacterium_A kristiansenii.fastq.gz,SRR8960968.x.s__Mogibacterium_A kristiansenii,d69f9a74,16660000,51,DNA,10000,1666,True,0.8923499347428504,0.9264547528903618,0.9094023438166061,0.9264547528903618,True,5,9749,11764,d__Bacteria;p__Bacillota;c__Clostridia;o__Oscillospirales;f__Ruminococcaceae;g__Gemmiger;s__Gemmiger qucibialis
10000,0.0006002400960384153,0.0035335689045936395,0.0006002400960384153,0.0002550153009180551,3.0,3.0,0.0,/group/ctbrowngrp5/sourmash-db.new/gtdb-rs226/gtdb-rs226-k51.dna.rocksdb,GCA_904380095.1 Lachnoclostridium sp. An196,fff8bc2e21f5218b980c2aed9f34bdbd,0.0035335689045936395,10000,181,11000000,outputs.mapping/bams.cds.rand/SRR8960968.x.s__Mogibacterium_A kristiansenii.fastq.gz,SRR8960968.x.s__Mogibacterium_A kristiansenii,d69f9a74,16660000,51,DNA,10000,1666,True,0.8646292073840568,0.8952117135678687,0.8799204604759627,0.8952117135678687,True,3,9752,11764,d__Bacteria;p__Bacillota;c__Clostridia;o__Lachnospirales;f__Lachnospiraceae;g__Hominiventricola;s__Hominiventricola avistercoris
20000,0.0012004801920768306,0.004347826086956522,0.0006002400960384153,0.00034002040122407346,4.0,4.0,0.0,/group/ctbrowngrp5/sourmash-db.new/gtdb-rs226/gtdb-rs226-k51.dna.rocksdb,GCF_902374635.1 Dialister succinatiphilus,4ab38a3903eefb09a8831d374f4b8266,0.008695652173913044,10000,182,10990000,outputs.mapping/bams.cds.rand/SRR8960968.x.s__Mogibacterium_A kristiansenii.fastq.gz,SRR8960968.x.s__Mogibacterium_A kristiansenii,d69f9a74,16660000,51,DNA,10000,1666,True,0.8764607072739828,0.9111589805028507,0.8938098438884168,0.9111589805028507,True,4,9756,11764,d__Bacteria;p__Bacillota;c__Negativicutes;o__Veillonellales;f__Dialisteraceae;g__Dialister;s__Dialister succinatiphilus
10000,0.0006002400960384153,0.001941747572815534,0.0006002400960384153,0.0013600816048962938,16.0,16.0,0.0,/group/ctbrowngrp5/sourmash-db.new/gtdb-rs226/gtdb-rs226-k51.dna.rocksdb,GCA_023459495.1 Bacillota bacterium,8f15577f1eb5ece1e17b6b1ce52ba54a,0.001941747572815534,10000,183,10980000,outputs.mapping/bams.cds.rand/SRR8960968.x.s__Mogibacterium_A kristiansenii.fastq.gz,SRR8960968.x.s__Mogibacterium_A kristiansenii,d69f9a74,16660000,51,DNA,10000,1666,True,0.8646292073840568,0.8847637266890976,0.8746964670365772,0.8847637266890976,True,16,9772,11764,d__Bacteria;p__Bacillota;c__Clostridia;o__Christensenellales;f__SZUA-584;g__JAEWCC01;s__JAEWCC01 sp023459495
10000,0.0006002400960384153,0.004901960784313725,0.0006002400960384153,0.00017001020061203673,2.0,2.0,0.0,/group/ctbrowngrp5/sourmash-db.new/gtdb-rs226/gtdb-rs226-k51.dna.rocksdb,GCA_037369565.1 bacterium,2648ea6ad9a6b867efa43338062927ee,0.004901960784313725,10000,184,10970000,outputs.mapping/bams.cds.rand/SRR8960968.x.s__Mogibacterium_A kristiansenii.fastq.gz,SRR8960968.x.s__Mogibacterium_A kristiansenii,d69f9a74,16660000,51,DNA,10000,1666,True,0.8646292073840568,0.9009758163577729,0.8828025118709149,0.9009758163577729,True,2,9774,11764,d__Bacteria;p__Bacillota;c__Clostridia;o__Lachnospirales;f__Lachnospiraceae;g__CAG-791;s__CAG-791 sp000431495
10000,0.0006002400960384153,0.0027624309392265192,0.0006002400960384153,0.00017001020061203673,2.0,2.0,0.0,/group/ctbrowngrp5/sourmash-db.new/gtdb-rs226/gtdb-rs226-k51.dna.rocksdb,GCA_948756575.1 uncultured Lachnospiraceae bacterium,38d6dd314826f165eb03abfba6880f34,0.0027624309392265192,10000,185,10960000,outputs.mapping/bams.cds.rand/SRR8960968.x.s__Mogibacterium_A kristiansenii.fastq.gz,SRR8960968.x.s__Mogibacterium_A kristiansenii,d69f9a74,16660000,51,DNA,10000,1666,True,0.8646292073840568,0.8909005841896418,0.8777648957868494,0.8909005841896418,True,2,9776,11764,d__Bacteria;p__Bacillota;c__Clostridia;o__Lachnospirales;f__Lachnospiraceae;g__Hominiventricola;s__Hominiventricola sp009774145
10000,0.0006002400960384153,0.002967359050445104,0.0006002400960384153,8.500510030601836e-05,1.0,1.0,0.0,/group/ctbrowngrp5/sourmash-db.new/gtdb-rs226/gtdb-rs226-k51.dna.rocksdb,GCF_015558105.1 Holdemania sp. 1001095H_141210_F2,e31c67ecef91bb0c5b499525aca10681,0.002967359050445104,10000,186,10950000,outputs.mapping/bams.cds.rand/SRR8960968.x.s__Mogibacterium_A kristiansenii.fastq.gz,SRR8960968.x.s__Mogibacterium_A kristiansenii,d69f9a74,16660000,51,DNA,10000,1666,True,0.8646292073840568,0.8921515398170204,0.8783903736005386,0.8921515398170204,True,1,9777,11764,d__Bacteria;p__Bacillota;c__Bacilli;o__Erysipelotrichales;f__Erysipelotrichaceae;g__Holdemania;s__Holdemania sp900120005
10000,0.0006002400960384153,0.0034602076124567475,0.0006002400960384153,0.00017001020061203673,2.0,2.0,0.0,/group/ctbrowngrp5/sourmash-db.new/gtdb-rs226/gtdb-rs226-k51.dna.rocksdb,GCA_945948915.1 uncultured Clostridia bacterium,f3c806b567e0c415539abfd22782b928,0.0034602076124567475,10000,187,10940000,outputs.mapping/bams.cds.rand/SRR8960968.x.s__Mogibacterium_A kristiansenii.fastq.gz,SRR8960968.x.s__Mogibacterium_A kristiansenii,d69f9a74,16660000,51,DNA,10000,1666,True,0.8646292073840568,0.8948435274565414,0.8797363674202991,0.8948435274565414,True,2,9779,11764,d__Bacteria;p__Bacillota;c__Clostridia;o__Christensenellales;f__Aristaeellaceae;g__Ventricola;s__Ventricola sp945948915
10000,0.0006002400960384153,0.002688172043010753,0.0006002400960384153,0.00034002040122407346,4.0,4.0,0.0,/group/ctbrowngrp5/sourmash-db.new/gtdb-rs226/gtdb-rs226-k51.dna.rocksdb,GCA_963663285.1 Candidatus Limiplasma sp.,90755839b8b6ce4bbdd24ce665edc9a2,0.002688172043010753,10000,188,10930000,outputs.mapping/bams.cds.rand/SRR8960968.x.s__Mogibacterium_A kristiansenii.fastq.gz,SRR8960968.x.s__Mogibacterium_A kristiansenii,d69f9a74,16660000,51,DNA,10000,1666,True,0.8646292073840568,0.8904246971715558,0.8775269522778063,0.8904246971715558,True,4,9783,11764,d__Bacteria;p__Bacillota;c__Clostridia;o__Christensenellales;f__Aristaeellaceae;g__Limiplasma;s__Limiplasma sp963663285
10000,0.0006002400960384153,0.006896551724137931,0.0006002400960384153,8.500510030601836e-05,1.0,1.0,0.0,/group/ctbrowngrp5/sourmash-db.new/gtdb-rs226/gtdb-rs226-k51.dna.rocksdb,GCA_900769565.1 Clostridia bacterium,325570dc49f0f4f72f7754a40cfb8a5f,0.006896551724137931,10000,189,10920000,outputs.mapping/bams.cds.rand/SRR8960968.x.s__Mogibacterium_A kristiansenii.fastq.gz,SRR8960968.x.s__Mogibacterium_A kristiansenii,d69f9a74,16660000,51,DNA,10000,1666,True,0.8646292073840568,0.907027041982046,0.8858281246830514,0.907027041982046,True,1,9784,11764,d__Bacteria;p__Bacillota;c__Clostridia;o__Christensenellales;f__Borkfalkiaceae;g__UBA1259;s__UBA1259 sp900769565
10000,0.0006002400960384153,0.002976190476190476,0.0006002400960384153,0.0016150969058143488,19.0,19.0,0.0,/group/ctbrowngrp5/sourmash-db.new/gtdb-rs226/gtdb-rs226-k51.dna.rocksdb,GCF_039753555.1 Blautia obeum,d81029d5646b416dd8bbd88946322b31,0.002976190476190476,10000,190,10910000,outputs.mapping/bams.cds.rand/SRR8960968.x.s__Mogibacterium_A kristiansenii.fastq.gz,SRR8960968.x.s__Mogibacterium_A kristiansenii,d69f9a74,16660000,51,DNA,10000,1666,True,0.8646292073840568,0.8922035270086854,0.8784163671963712,0.8922035270086854,True,19,9803,11764,d__Bacteria;p__Bacillota;c__Clostridia;o__Lachnospirales;f__Lachnospiraceae;g__Blautia_A;s__Blautia_A obeum
10000,0.0006002400960384153,0.004524886877828055,0.0006002400960384153,0.0013600816048962938,16.0,16.0,0.0,/group/ctbrowngrp5/sourmash-db.new/gtdb-rs226/gtdb-rs226-k51.dna.rocksdb,GCA_945912845.1 uncultured Bacteroidales bacterium,88a0c89c53a152cee5ec79844bb82a1a,0.004524886877828055,10000,191,10900000,outputs.mapping/bams.cds.rand/SRR8960968.x.s__Mogibacterium_A kristiansenii.fastq.gz,SRR8960968.x.s__Mogibacterium_A kristiansenii,d69f9a74,16660000,51,DNA,10000,1666,True,0.8646292073840568,0.8995628755480881,0.8820960414660725,0.8995628755480881,True,16,9819,11764,d__Bacteria;p__Bacteroidota;c__Bacteroidia;o__Bacteroidales;f__Bacteroidaceae;g__Alloprevotella;s__Alloprevotella sp004555425
10000,0.0006002400960384153,0.003003003003003003,0.0006002400960384153,0.0005100306018361102,6.0,6.0,0.0,/group/ctbrowngrp5/sourmash-db.new/gtdb-rs226/gtdb-rs226-k51.dna.rocksdb,GCA_945871795.1 uncultured bacterium,275973aa499e4d5bc43c343001873151,0.003003003003003003,10000,192,10890000,outputs.mapping/bams.cds.rand/SRR8960968.x.s__Mogibacterium_A kristiansenii.fastq.gz,SRR8960968.x.s__Mogibacterium_A kristiansenii,d69f9a74,16660000,51,DNA,10000,1666,True,0.8646292073840568,0.8923604403934454,0.8784948238887511,0.8923604403934454,True,6,9825,11764,d__Bacteria;p__Bacillota;c__Clostridia;o__Lachnospirales;f__Lachnospiraceae;g__Roseburia;s__Roseburia inulinivorans
10000,0.0006002400960384153,0.0016339869281045752,0.0006002400960384153,8.500510030601836e-05,1.0,1.0,0.0,/group/ctbrowngrp5/sourmash-db.new/gtdb-rs226/gtdb-rs226-k51.dna.rocksdb,GCA_948537855.1 uncultured Kineothrix sp.,0d7f5e83fe3104e7413e065309300ef6,0.0016339869281045752,10000,193,10880000,outputs.mapping/bams.cds.rand/SRR8960968.x.s__Mogibacterium_A kristiansenii.fastq.gz,SRR8960968.x.s__Mogibacterium_A kristiansenii,d69f9a74,16660000,51,DNA,10000,1666,True,0.8646292073840568,0.8817750683472305,0.8732021378656436,0.8817750683472305,True,1,9826,11764,d__Bacteria;p__Bacillota;c__Clostridia;o__Lachnospirales;f__Lachnospiraceae;g__Kineothrix;s__Kineothrix sp011958945
20000,0.0012004801920768306,0.0055248618784530384,0.0006002400960384153,0.00017001020061203673,2.0,2.0,0.0,/group/ctbrowngrp5/sourmash-db.new/gtdb-rs226/gtdb-rs226-k51.dna.rocksdb,GCF_946402925.1 Catenibacterium mitsuokai,a296f162440284272030785232d3a974,0.011049723756906077,10000,194,10870000,outputs.mapping/bams.cds.rand/SRR8960968.x.s__Mogibacterium_A kristiansenii.fastq.gz,SRR8960968.x.s__Mogibacterium_A kristiansenii,d69f9a74,16660000,51,DNA,10000,1666,True,0.8764607072739828,0.9154493941301495,0.8959550507020662,0.9154493941301495,True,2,9828,11764,d__Bacteria;p__Bacillota;c__Bacilli;o__Erysipelotrichales;f__Coprobacillaceae;g__Catenibacterium;s__Catenibacterium mitsuokai_A
10000,0.0006002400960384153,0.0048543689320388345,0.0006002400960384153,8.500510030601836e-05,1.0,1.0,0.0,/group/ctbrowngrp5/sourmash-db.new/gtdb-rs226/gtdb-rs226-k51.dna.rocksdb,GCA_946403195.1 uncultured Clostridia bacterium,247eb66cf55b29cc9c2181bf669fe0a2,0.0048543689320388345,10000,195,10860000,outputs.mapping/bams.cds.rand/SRR8960968.x.s__Mogibacterium_A kristiansenii.fastq.gz,SRR8960968.x.s__Mogibacterium_A kristiansenii,d69f9a74,16660000,51,DNA,10000,1666,True,0.8646292073840568,0.900803478377785,0.8827163428809208,0.900803478377785,True,1,9829,11764,d__Bacteria;p__Bacillota;c__Clostridia;o__Oscillospirales;f__Oscillospiraceae;g__Oscillibacter;s__Oscillibacter sp945864305
40000,0.0024009603841536613,0.004016064257028112,0.0006002400960384153,0.00017001020061203673,2.0,2.0,0.0,/group/ctbrowngrp5/sourmash-db.new/gtdb-rs226/gtdb-rs226-k51.dna.rocksdb,GCA_958353315.1 uncultured Butyricicoccus sp.,40b18dc3e976ec6f5bceb3caa4923d65,0.01606425702811245,10000,196,10850000,outputs.mapping/bams.cds.rand/SRR8960968.x.s__Mogibacterium_A kristiansenii.fastq.gz,SRR8960968.x.s__Mogibacterium_A kristiansenii,d69f9a74,16660000,51,DNA,10000,1666,True,0.8884541082290704,0.9221908247766154,0.905322466502843,0.9221908247766154,True,2,9831,11764,d__Bacteria;p__Bacillota;c__Clostridia;o__Oscillospirales;f__Butyricicoccaceae;g__Butyricicoccus_A;s__Butyricicoccus_A intestinisimiae
60000,0.003601440576230492,0.003861003861003861,0.0006002400960384153,0.00017001020061203673,2.0,2.0,0.0,/group/ctbrowngrp5/sourmash-db.new/gtdb-rs226/gtdb-rs226-k51.dna.rocksdb,GCA_008673855.1 Fusicatenibacter saccharivorans,257aa65b11e0fec9cd81a10e5ccae92f,0.023166023166023165,10000,197,10840000,outputs.mapping/bams.cds.rand/SRR8960968.x.s__Mogibacterium_A kristiansenii.fastq.gz,SRR8960968.x.s__Mogibacterium_A kristiansenii,d69f9a74,16660000,51,DNA,10000,1666,True,0.895545734494193,0.9288343423055333,0.9121900383998631,0.9288343423055333,True,2,9833,11764,d__Bacteria;p__Bacillota;c__Clostridia;o__Lachnospirales;f__Lachnospiraceae;g__Fusicatenibacter;s__Fusicatenibacter saccharivorans
10000,0.0006002400960384153,0.003745318352059925,0.0006002400960384153,8.500510030601836e-05,1.0,1.0,0.0,/group/ctbrowngrp5/sourmash-db.new/gtdb-rs226/gtdb-rs226-k51.dna.rocksdb,GCA_022767065.1 Lachnospiraceae bacterium,e460f5c1db381aeff2cee2b9d7f1d459,0.003745318352059925,10000,198,10830000,outputs.mapping/bams.cds.rand/SRR8960968.x.s__Mogibacterium_A kristiansenii.fastq.gz,SRR8960968.x.s__Mogibacterium_A kristiansenii,d69f9a74,16660000,51,DNA,10000,1666,True,0.8646292073840568,0.8962338603010542,0.8804315338425555,0.8962338603010542,True,1,9834,11764,d__Bacteria;p__Bacillota;c__Clostridia;o__Lachnospirales;f__Lachnospiraceae;g__Butyribacter;s__Butyribacter sp022764445
40000,0.0024009603841536613,0.003134796238244514,0.0006002400960384153,8.500510030601836e-05,1.0,1.0,0.0,/group/ctbrowngrp5/sourmash-db.new/gtdb-rs226/gtdb-rs226-k51.dna.rocksdb,GCF_003475555.1 Dorea formicigenerans,7a5f259293dfe45cf706499eee36c0c9,0.012539184952978056,10000,199,10820000,outputs.mapping/bams.cds.rand/SRR8960968.x.s__Mogibacterium_A kristiansenii.fastq.gz,SRR8960968.x.s__Mogibacterium_A kristiansenii,d69f9a74,16660000,51,DNA,10000,1666,True,0.8884541082290704,0.9177220422554052,0.9030880752422379,0.9177220422554052,True,1,9835,11764,d__Bacteria;p__Bacillota;c__Clostridia;o__Lachnospirales;f__Lachnospiraceae;g__Dorea;s__Dorea formicigenerans
60000,0.003601440576230492,0.0030864197530864196,0.0006002400960384153,8.500510030601836e-05,1.0,1.0,0.0,/group/ctbrowngrp5/sourmash-db.new/gtdb-rs226/gtdb-rs226-k51.dna.rocksdb,GCF_022136235.1 Fusicatenibacter saccharivorans,d410117aa1aaf48b1890e4185b931315,0.018518518518518517,10000,200,10810000,outputs.mapping/bams.cds.rand/SRR8960968.x.s__Mogibacterium_A kristiansenii.fastq.gz,SRR8960968.x.s__Mogibacterium_A kristiansenii,d69f9a74,16660000,51,DNA,10000,1666,True,0.895545734494193,0.9247652352037607,0.9101554848489768,0.9247652352037607,True,1,9836,11764,d__Bacteria;p__Bacillota;c__Clostridia;o__Lachnospirales;f__Lachnospiraceae;g__Fusicatenibacter;s__Fusicatenibacter saccharivorans
10000,0.0006002400960384153,0.004651162790697674,0.0006002400960384153,8.500510030601836e-05,1.0,1.0,0.0,/group/ctbrowngrp5/sourmash-db.new/gtdb-rs226/gtdb-rs226-k51.dna.rocksdb,GCA_947853605.1 Candidatus Gastranaerophilales bacterium,e288425ad1cd0a5dd8aef25b1eb5de5c,0.004651162790697674,10000,201,10800000,outputs.mapping/bams.cds.rand/SRR8960968.x.s__Mogibacterium_A kristiansenii.fastq.gz,SRR8960968.x.s__Mogibacterium_A kristiansenii,d69f9a74,16660000,51,DNA,10000,1666,True,0.8646292073840568,0.90004850019656,0.8823388537903084,0.90004850019656,True,1,9837,11764,d__Bacteria;p__Cyanobacteriota;c__Vampirovibrionia;o__Gastranaerophilales;f__Gastranaerophilaceae;g__Avigastranaerophilus;s__Avigastranaerophilus sp944323535
20000,0.0012004801920768306,0.007692307692307693,0.0006002400960384153,0.0008500510030601836,10.0,10.0,0.0,/group/ctbrowngrp5/sourmash-db.new/gtdb-rs226/gtdb-rs226-k51.dna.rocksdb,GCA_947628115.1 uncultured Clostridia bacterium,b10a5bc1980e98f33ff6fe18ddd0a93c,0.015384615384615385,10000,202,10790000,outputs.mapping/bams.cds.rand/SRR8960968.x.s__Mogibacterium_A kristiansenii.fastq.gz,SRR8960968.x.s__Mogibacterium_A kristiansenii,d69f9a74,16660000,51,DNA,10000,1666,True,0.8764607072739828,0.9214094865050211,0.898935096889502,0.9214094865050211,True,10,9847,11764,d__Bacteria;p__Bacillota;c__Clostridia;o__TANB77;f__CAG-508;g__CAG-452;s__CAG-452 sp947628115
10000,0.0006002400960384153,0.0045662100456621,0.0006002400960384153,8.500510030601836e-05,1.0,1.0,0.0,/group/ctbrowngrp5/sourmash-db.new/gtdb-rs226/gtdb-rs226-k51.dna.rocksdb,GCA_947297565.1 uncultured Clostridia bacterium,1c01ae8eb2b4c79f1a5236c8a8b0ae89,0.0045662100456621,10000,203,10780000,outputs.mapping/bams.cds.rand/SRR8960968.x.s__Mogibacterium_A kristiansenii.fastq.gz,SRR8960968.x.s__Mogibacterium_A kristiansenii,d69f9a74,16660000,51,DNA,10000,1666,True,0.8646292073840568,0.8997232408336094,0.8821762241088331,0.8997232408336094,True,1,9848,11764,d__Bacteria;p__Bacillota;c__Clostridia;o__Christensenellales;f__UBA3700;g__RACS-045;s__RACS-045 sp910579785
10000,0.0006002400960384153,0.007518796992481203,0.0006002400960384153,0.0002550153009180551,3.0,3.0,0.0,/group/ctbrowngrp5/sourmash-db.new/gtdb-rs226/gtdb-rs226-k51.dna.rocksdb,GCA_934096605.1 uncultured Bacilli bacterium,c90f2aa47400d562bf7b7748cb5a7833,0.007518796992481203,10000,204,10770000,outputs.mapping/bams.cds.rand/SRR8960968.x.s__Mogibacterium_A kristiansenii.fastq.gz,SRR8960968.x.s__Mogibacterium_A kristiansenii,d69f9a74,16660000,51,DNA,10000,1666,True,0.8646292073840568,0.9085646807370644,0.8865969440605606,0.9085646807370644,True,3,9851,11764,d__Bacteria;p__Bacillota;c__Bacilli;o__RF39;f__UBA660;g__Ventrenecus;s__Ventrenecus sp934096605
10000,0.0006002400960384153,0.0037313432835820895,0.0006002400960384153,0.00017001020061203673,2.0,2.0,0.0,/group/ctbrowngrp5/sourmash-db.new/gtdb-rs226/gtdb-rs226-k51.dna.rocksdb,GCA_902778245.1 uncultured Lachnospiraceae bacterium,19ee67cef540a85ed1222b34bddf524f,0.0037313432835820895,10000,205,10760000,outputs.mapping/bams.cds.rand/SRR8960968.x.s__Mogibacterium_A kristiansenii.fastq.gz,SRR8960968.x.s__Mogibacterium_A kristiansenii,d69f9a74,16660000,51,DNA,10000,1666,True,0.8646292073840568,0.8961681683781925,0.8803986878811246,0.8961681683781925,True,2,9853,11764,d__Bacteria;p__Bacillota;c__Clostridia;o__Lachnospirales;f__Lachnospiraceae;g__Merdiplasma;s__Merdiplasma sp902778245
40000,0.0024009603841536613,0.004545454545454545,0.0006002400960384153,0.0005100306018361102,6.0,6.0,0.0,/group/ctbrowngrp5/sourmash-db.new/gtdb-rs226/gtdb-rs226-k51.dna.rocksdb,GCA_004552345.1 Faecalibacterium prausnitzii,cdda3902bcd5282da2274dc912b42632,0.01818181818181818,10000,206,10750000,outputs.mapping/bams.cds.rand/SRR8960968.x.s__Mogibacterium_A kristiansenii.fastq.gz,SRR8960968.x.s__Mogibacterium_A kristiansenii,d69f9a74,16660000,51,DNA,10000,1666,True,0.8884541082290704,0.9244325765105641,0.9064433423698173,0.9244325765105641,True,6,9859,11764,d__Bacteria;p__Bacillota;c__Clostridia;o__Oscillospirales;f__Ruminococcaceae;g__Faecalibacterium;s__Faecalibacterium prausnitzii_E
10000,0.0006002400960384153,0.002793296089385475,0.0006002400960384153,8.500510030601836e-05,1.0,1.0,0.0,/group/ctbrowngrp5/sourmash-db.new/gtdb-rs226/gtdb-rs226-k51.dna.rocksdb,GCA_963663605.1 uncultured Sporobacter sp.,52c3e24acb2563de764897c55a592f25,0.002793296089385475,10000,207,10740000,outputs.mapping/bams.cds.rand/SRR8960968.x.s__Mogibacterium_A kristiansenii.fastq.gz,SRR8960968.x.s__Mogibacterium_A kristiansenii,d69f9a74,16660000,51,DNA,10000,1666,True,0.8646292073840568,0.8910947033197164,0.8778619553518866,0.8910947033197164,True,1,9860,11764,d__Bacteria;p__Bacillota;c__Clostridia;o__Oscillospirales;f__Oscillospiraceae;g__Sporobacter;s__Sporobacter sp963663605
10000,0.0006002400960384153,0.003105590062111801,0.0006002400960384153,0.00017001020061203673,2.0,2.0,0.0,/group/ctbrowngrp5/sourmash-db.new/gtdb-rs226/gtdb-rs226-k51.dna.rocksdb,GCF_013304105.1 [Clostridium] scindens,7cb1732263e54c473cc55faf777dad14,0.003105590062111801,10000,208,10730000,outputs.mapping/bams.cds.rand/SRR8960968.x.s__Mogibacterium_A kristiansenii.fastq.gz,SRR8960968.x.s__Mogibacterium_A kristiansenii,d69f9a74,16660000,51,DNA,10000,1666,True,0.8646292073840568,0.8929483836026613,0.8787887954933591,0.8929483836026613,True,2,9862,11764,d__Bacteria;p__Bacillota;c__Clostridia;o__Lachnospirales;f__Lachnospiraceae;g__Clostridium_AP;s__Clostridium_AP scindens
20000,0.0012004801920768306,0.004098360655737705,0.0006002400960384153,0.0005950357021421286,7.0,7.0,0.0,/group/ctbrowngrp5/sourmash-db.new/gtdb-rs226/gtdb-rs226-k51.dna.rocksdb,GCA_905196225.1 uncultured Faecalibacterium sp.,1705377661958c6f2a30adaaf2937907,0.00819672131147541,10000,209,10720000,outputs.mapping/bams.cds.rand/SRR8960968.x.s__Mogibacterium_A kristiansenii.fastq.gz,SRR8960968.x.s__Mogibacterium_A kristiansenii,d69f9a74,16660000,51,DNA,10000,1666,True,0.8764607072739828,0.910103917375183,0.893282312324583,0.910103917375183,True,7,9869,11764,d__Bacteria;p__Bacillota;c__Clostridia;o__Oscillospirales;f__Ruminococcaceae;g__Faecalibacterium;s__Faecalibacterium sp003449675
10000,0.0006002400960384153,0.004629629629629629,0.0006002400960384153,0.0015300918055083305,18.0,18.0,0.0,/group/ctbrowngrp5/sourmash-db.new/gtdb-rs226/gtdb-rs226-k51.dna.rocksdb,GCA_034088525.1 Oscillospiraceae bacterium,0a932685791a84b60e03ee12d7116046,0.004629629629629629,10000,210,10710000,outputs.mapping/bams.cds.rand/SRR8960968.x.s__Mogibacterium_A kristiansenii.fastq.gz,SRR8960968.x.s__Mogibacterium_A kristiansenii,d69f9a74,16660000,51,DNA,10000,1666,True,0.8646292073840568,0.8999666104581765,0.8822979089211167,0.8999666104581765,True,18,9887,11764,d__Bacteria;p__Bacillota;c__Clostridia;o__Oscillospirales;f__Oscillospiraceae;g__CAG-170;s__CAG-170 sp000436735
10000,0.0006002400960384153,0.005988023952095809,0.0006002400960384153,0.0002550153009180551,3.0,3.0,0.0,/group/ctbrowngrp5/sourmash-db.new/gtdb-rs226/gtdb-rs226-k51.dna.rocksdb,GCA_004556755.1 Clostridiales bacterium,a0bf12e2a8fa08f051728e2384e1f7ab,0.005988023952095809,10000,211,10700000,outputs.mapping/bams.cds.rand/SRR8960968.x.s__Mogibacterium_A kristiansenii.fastq.gz,SRR8960968.x.s__Mogibacterium_A kristiansenii,d69f9a74,16660000,51,DNA,10000,1666,True,0.8646292073840568,0.9045182297439633,0.8845737185640101,0.9045182297439633,True,3,9890,11764,d__Bacteria;p__Bacillota;c__Clostridia;o__Oscillospirales;f__Oscillospiraceae;g__F23-B02;s__F23-B02 sp004556755
10000,0.0006002400960384153,0.005714285714285714,0.0006002400960384153,8.500510030601836e-05,1.0,1.0,0.0,/group/ctbrowngrp5/sourmash-db.new/gtdb-rs226/gtdb-rs226-k51.dna.rocksdb,GCA_022784305.1 Oscillospiraceae bacterium,34b41c8f5ee7b4801b31f6bbd1edbd69,0.005714285714285714,10000,212,10690000,outputs.mapping/bams.cds.rand/SRR8960968.x.s__Mogibacterium_A kristiansenii.fastq.gz,SRR8960968.x.s__Mogibacterium_A kristiansenii,d69f9a74,16660000,51,DNA,10000,1666,True,0.8646292073840568,0.9036887208642069,0.8841589641241319,0.9036887208642069,True,1,9891,11764,d__Bacteria;p__Bacillota;c__Clostridia;o__Oscillospirales;f__Acutalibacteraceae;g__UBA6857;s__UBA6857 sp016293225
10000,0.0006002400960384153,0.0045871559633027525,0.0006002400960384153,8.500510030601836e-05,1.0,1.0,0.0,/group/ctbrowngrp5/sourmash-db.new/gtdb-rs226/gtdb-rs226-k51.dna.rocksdb,GCF_024436455.1 Ruminococcus sp. zg-921,a802011501ecda0c7212fc6dae0010eb,0.0045871559633027525,10000,213,10680000,outputs.mapping/bams.cds.rand/SRR8960968.x.s__Mogibacterium_A kristiansenii.fastq.gz,SRR8960968.x.s__Mogibacterium_A kristiansenii,d69f9a74,16660000,51,DNA,10000,1666,True,0.8646292073840568,0.8998039843327351,0.882216595858396,0.8998039843327351,True,1,9892,11764,d__Bacteria;p__Bacillota;c__Clostridia;o__Oscillospirales;f__Acutalibacteraceae;g__UBA7067;s__UBA7067 sp024433635
20000,0.0012004801920768306,0.00411522633744856,0.0006002400960384153,0.0010200612036722204,12.0,12.0,0.0,/group/ctbrowngrp5/sourmash-db.new/gtdb-rs226/gtdb-rs226-k51.dna.rocksdb,GCA_022775545.1 Gemmiger formicilis,486d84f66744cd01e6c7aae1fc46d5ed,0.00823045267489712,10000,214,10670000,outputs.mapping/bams.cds.rand/SRR8960968.x.s__Mogibacterium_A kristiansenii.fastq.gz,SRR8960968.x.s__Mogibacterium_A kristiansenii,d69f9a74,16660000,51,DNA,10000,1666,True,0.8764607072739828,0.9101772065679724,0.8933189569209776,0.9101772065679724,True,12,9904,11764,d__Bacteria;p__Bacillota;c__Clostridia;o__Oscillospirales;f__Ruminococcaceae;g__Gemmiger;s__Gemmiger formicilis
10000,0.0006002400960384153,0.005319148936170213,0.0006002400960384153,0.00017001020061203673,2.0,2.0,0.0,/group/ctbrowngrp5/sourmash-db.new/gtdb-rs226/gtdb-rs226-k51.dna.rocksdb,GCA_902778075.1 uncultured Lachnospiraceae bacterium,bb9d0a5c667429930f5ef02851fb0d4e,0.005319148936170213,10000,215,10660000,outputs.mapping/bams.cds.rand/SRR8960968.x.s__Mogibacterium_A kristiansenii.fastq.gz,SRR8960968.x.s__Mogibacterium_A kristiansenii,d69f9a74,16660000,51,DNA,10000,1666,True,0.8646292073840568,0.9024199122476589,0.8835245598158579,0.9024199122476589,True,2,9906,11764,d__Bacteria;p__Bacillota;c__Clostridia;o__Lachnospirales;f__Lachnospiraceae;g__CAG-791;s__CAG-791 sp900317475
40000,0.0024009603841536613,0.003787878787878788,0.0006002400960384153,0.00017001020061203673,2.0,2.0,0.0,/group/ctbrowngrp5/sourmash-db.new/gtdb-rs226/gtdb-rs226-k51.dna.rocksdb,GCA_008667585.1 Subdoligranulum sp.,d5e124674d1ece33b3cf416b3ec36b50,0.015151515151515152,10000,216,10650000,outputs.mapping/bams.cds.rand/SRR8960968.x.s__Mogibacterium_A kristiansenii.fastq.gz,SRR8960968.x.s__Mogibacterium_A kristiansenii,d69f9a74,16660000,51,DNA,10000,1666,True,0.8884541082290704,0.9211336926184823,0.9047939004237764,0.9211336926184823,True,2,9908,11764,d__Bacteria;p__Bacillota;c__Clostridia;o__Oscillospirales;f__Ruminococcaceae;g__Gemmiger;s__Gemmiger qucibialis
30000,0.001800720288115246,0.0034482758620689655,0.0006002400960384153,8.500510030601836e-05,1.0,1.0,0.0,/group/ctbrowngrp5/sourmash-db.new/gtdb-rs226/gtdb-rs226-k51.dna.rocksdb,GCA_900755575.1 Lachnospiraceae bacterium,04679174bf5087aeaeec278e984c3170,0.010344827586206896,10000,217,10640000,outputs.mapping/bams.cds.rand/SRR8960968.x.s__Mogibacterium_A kristiansenii.fastq.gz,SRR8960968.x.s__Mogibacterium_A kristiansenii,d69f9a74,16660000,51,DNA,10000,1666,True,0.8834566024074313,0.9142669171027965,0.8988617597551138,0.9142669171027965,True,1,9909,11764,d__Bacteria;p__Bacillota;c__Clostridia;o__Lachnospirales;f__Lachnospiraceae;g__Blautia_A;s__Blautia_A sp900541985
10000,0.0006002400960384153,0.004739336492890996,0.0006002400960384153,0.0002550153009180551,3.0,3.0,0.0,/group/ctbrowngrp5/sourmash-db.new/gtdb-rs226/gtdb-rs226-k51.dna.rocksdb,GCF_034169065.1 Lentihominibacter sp.,6fa65baedbc5152e12bbee36180855d6,0.004739336492890996,10000,218,10630000,outputs.mapping/bams.cds.rand/SRR8960968.x.s__Mogibacterium_A kristiansenii.fastq.gz,SRR8960968.x.s__Mogibacterium_A kristiansenii,d69f9a74,16660000,51,DNA,10000,1666,True,0.8646292073840568,0.900379988990409,0.8825045981872329,0.900379988990409,True,3,9912,11764,d__Bacteria;p__Bacillota;c__Clostridia;o__Peptostreptococcales;f__Anaerovoracaceae;g__Lentihominibacter;s__Lentihominibacter sp934281605
10000,0.0006002400960384153,0.004149377593360996,0.0006002400960384153,8.500510030601836e-05,1.0,1.0,0.0,/group/ctbrowngrp5/sourmash-db.new/gtdb-rs226/gtdb-rs226-k51.dna.rocksdb,GCA_034100025.1 Wujia sp.,1ff32a5fac873a17345de6482db8bb9b,0.004149377593360996,10000,219,10620000,outputs.mapping/bams.cds.rand/SRR8960968.x.s__Mogibacterium_A kristiansenii.fastq.gz,SRR8960968.x.s__Mogibacterium_A kristiansenii,d69f9a74,16660000,51,DNA,10000,1666,True,0.8646292073840568,0.8980360758706126,0.8813326416273347,0.8980360758706126,True,1,9913,11764,d__Bacteria;p__Bacillota;c__Clostridia;o__Lachnospirales;f__Lachnospiraceae;g__Wujia;s__Wujia sp900553925
10000,0.0006002400960384153,0.004081632653061225,0.0006002400960384153,8.500510030601836e-05,1.0,1.0,0.0,/group/ctbrowngrp5/sourmash-db.new/gtdb-rs226/gtdb-rs226-k51.dna.rocksdb,GCA_028720525.1 Oscillospiraceae bacterium,a6c814f70bcca69aaeb679a787e27145,0.004081632653061225,10000,220,10610000,outputs.mapping/bams.cds.rand/SRR8960968.x.s__Mogibacterium_A kristiansenii.fastq.gz,SRR8960968.x.s__Mogibacterium_A kristiansenii,d69f9a74,16660000,51,DNA,10000,1666,True,0.8646292073840568,0.897746263416111,0.8811877354000839,0.897746263416111,True,1,9914,11764,d__Bacteria;p__Bacillota;c__Clostridia;o__Lachnospirales;f__Lachnospiraceae;g__JAGTTR01;s__JAGTTR01 sp022763925
20000,0.0012004801920768306,0.005434782608695652,0.0006002400960384153,0.0002550153009180551,3.0,3.0,0.0,/group/ctbrowngrp5/sourmash-db.new/gtdb-rs226/gtdb-rs226-k51.dna.rocksdb,GCA_037427065.1 bacterium,0ceecf52635eada9f4888ea6dfb85b44,0.010869565217391304,10000,221,10600000,outputs.mapping/bams.cds.rand/SRR8960968.x.s__Mogibacterium_A kristiansenii.fastq.gz,SRR8960968.x.s__Mogibacterium_A kristiansenii,d69f9a74,16660000,51,DNA,10000,1666,True,0.8764607072739828,0.9151543667379227,0.8958075370059528,0.9151543667379227,True,3,9917,11764,d__Bacteria;p__Bacillota;c__Clostridia;o__Oscillospirales;f__Oscillospiraceae;g__CAG-103;s__CAG-103 sp000432375
10000,0.0006002400960384153,0.004484304932735426,0.0006002400960384153,0.00034002040122407346,4.0,4.0,0.0,/group/ctbrowngrp5/sourmash-db.new/gtdb-rs226/gtdb-rs226-k51.dna.rocksdb,GCA_034169085.1 Candidatus Cryptobacteroides sp.,362454f529ad739568b16e459560dd3c,0.004484304932735426,10000,222,10590000,outputs.mapping/bams.cds.rand/SRR8960968.x.s__Mogibacterium_A kristiansenii.fastq.gz,SRR8960968.x.s__Mogibacterium_A kristiansenii,d69f9a74,16660000,51,DNA,10000,1666,True,0.8646292073840568,0.8994039832126721,0.8820165952983645,0.8994039832126721,True,4,9921,11764,d__Bacteria;p__Bacteroidota;c__Bacteroidia;o__Bacteroidales;f__UBA932;g__Cryptobacteroides;s__Cryptobacteroides sp000434935
10000,0.0006002400960384153,0.0018867924528301887,0.0006002400960384153,8.500510030601836e-05,1.0,1.0,0.0,/group/ctbrowngrp5/sourmash-db.new/gtdb-rs226/gtdb-rs226-k51.dna.rocksdb,GCA_963623285.1 Bacteroides cellulosilyticus,de4eda56fb1d3dbe3db02ea8e925dad6,0.0018867924528301887,10000,223,10580000,outputs.mapping/bams.cds.rand/SRR8960968.x.s__Mogibacterium_A kristiansenii.fastq.gz,SRR8960968.x.s__Mogibacterium_A kristiansenii,d69f9a74,16660000,51,DNA,10000,1666,True,0.8646292073840568,0.8842657950857836,0.8744475012349202,0.8842657950857836,True,1,9922,11764,d__Bacteria;p__Bacteroidota;c__Bacteroidia;o__Bacteroidales;f__Bacteroidaceae;g__Bacteroides;s__Bacteroides caccae
10000,0.0006002400960384153,0.0045871559633027525,0.0006002400960384153,8.500510030601836e-05,1.0,1.0,0.0,/group/ctbrowngrp5/sourmash-db.new/gtdb-rs226/gtdb-rs226-k51.dna.rocksdb,GCA_028727425.1 Eubacteriales bacterium,fa6104f96ab4bb0f8873e583c2542862,0.0045871559633027525,10000,224,10570000,outputs.mapping/bams.cds.rand/SRR8960968.x.s__Mogibacterium_A kristiansenii.fastq.gz,SRR8960968.x.s__Mogibacterium_A kristiansenii,d69f9a74,16660000,51,DNA,10000,1666,True,0.8646292073840568,0.8998039843327351,0.882216595858396,0.8998039843327351,True,1,9923,11764,d__Bacteria;p__Bacillota;c__Clostridia;o__Oscillospirales;f__CAG-272;g__UMGS1002;s__UMGS1002 sp900547565
10000,0.0006002400960384153,0.0035211267605633804,0.0006002400960384153,0.0007650459027541653,9.0,9.0,0.0,/group/ctbrowngrp5/sourmash-db.new/gtdb-rs226/gtdb-rs226-k51.dna.rocksdb,GCF_018917435.1 Intestinibacter bartlettii,06a1e298df7ab81906158273d3a2b850,0.0035211267605633804,10000,225,10560000,outputs.mapping/bams.cds.rand/SRR8960968.x.s__Mogibacterium_A kristiansenii.fastq.gz,SRR8960968.x.s__Mogibacterium_A kristiansenii,d69f9a74,16660000,51,DNA,10000,1666,True,0.8646292073840568,0.8951497996982114,0.879889503541134,0.8951497996982114,True,9,9932,11764,d__Bacteria;p__Bacillota;c__Clostridia;o__Peptostreptococcales;f__Peptostreptococcaceae;g__Intestinibacter;s__Intestinibacter bartlettii_A
10000,0.0006002400960384153,0.006097560975609756,0.0006002400960384153,8.500510030601836e-05,1.0,1.0,0.0,/group/ctbrowngrp5/sourmash-db.new/gtdb-rs226/gtdb-rs226-k51.dna.rocksdb,GCA_029227635.1 Clostridiales bacterium,a00cc66f451a567213ee8b757162b0f8,0.006097560975609756,10000,226,10550000,outputs.mapping/bams.cds.rand/SRR8960968.x.s__Mogibacterium_A kristiansenii.fastq.gz,SRR8960968.x.s__Mogibacterium_A kristiansenii,d69f9a74,16660000,51,DNA,10000,1666,True,0.8646292073840568,0.9048397878646056,0.8847344976243312,0.9048397878646056,True,1,9933,11764,d__Bacteria;p__Bacillota;c__Clostridia;o__Lachnospirales;f__Lachnospiraceae;g__SUG1684;s__SUG1684 sp029227635
10000,0.0006002400960384153,0.003105590062111801,0.0006002400960384153,0.0002550153009180551,3.0,3.0,0.0,/group/ctbrowngrp5/sourmash-db.new/gtdb-rs226/gtdb-rs226-k51.dna.rocksdb,GCF_002160135.1 Lachnoclostridium sp. An196,4592d9fb308a7fd3f324b0e4d3af531c,0.003105590062111801,10000,227,10540000,outputs.mapping/bams.cds.rand/SRR8960968.x.s__Mogibacterium_A kristiansenii.fastq.gz,SRR8960968.x.s__Mogibacterium_A kristiansenii,d69f9a74,16660000,51,DNA,10000,1666,True,0.8646292073840568,0.8929483836026613,0.8787887954933591,0.8929483836026613,True,3,9936,11764,d__Bacteria;p__Bacillota;c__Clostridia;o__Lachnospirales;f__Lachnospiraceae;g__Hominiventricola;s__Hominiventricola avistercoris
10000,0.0006002400960384153,0.004761904761904762,0.0006002400960384153,0.00017001020061203673,2.0,2.0,0.0,/group/ctbrowngrp5/sourmash-db.new/gtdb-rs226/gtdb-rs226-k51.dna.rocksdb,GCA_945869595.1 uncultured Clostridia bacterium,d8af95db27ef1778b200c07e261fa88f,0.004761904761904762,10000,228,10530000,outputs.mapping/bams.cds.rand/SRR8960968.x.s__Mogibacterium_A kristiansenii.fastq.gz,SRR8960968.x.s__Mogibacterium_A kristiansenii,d69f9a74,16660000,51,DNA,10000,1666,True,0.8646292073840568,0.900463862458667,0.8825465349213619,0.900463862458667,True,2,9938,11764,d__Bacteria;p__Bacillota;c__Clostridia;o__Oscillospirales;f__Oscillospiraceae;g__CAG-103;s__CAG-103 sp900317855
10000,0.0006002400960384153,0.002849002849002849,0.0006002400960384153,8.500510030601836e-05,1.0,1.0,0.0,/group/ctbrowngrp5/sourmash-db.new/gtdb-rs226/gtdb-rs226-k51.dna.rocksdb,GCA_945913255.1 uncultured Lachnospiraceae bacterium,cc7b9e8fbcd60622efdc3812008db95d,0.002849002849002849,10000,229,10520000,outputs.mapping/bams.cds.rand/SRR8960968.x.s__Mogibacterium_A kristiansenii.fastq.gz,SRR8960968.x.s__Mogibacterium_A kristiansenii,d69f9a74,16660000,51,DNA,10000,1666,True,0.8646292073840568,0.8914397943560793,0.8780345008700681,0.8914397943560793,True,1,9939,11764,d__Bacteria;p__Bacillota;c__Clostridia;o__Lachnospirales;f__Lachnospiraceae;g__Acetatifactor;s__Acetatifactor sp945913255
10000,0.0006002400960384153,0.004608294930875576,0.0006002400960384153,8.500510030601836e-05,1.0,1.0,0.0,/group/ctbrowngrp5/sourmash-db.new/gtdb-rs226/gtdb-rs226-k51.dna.rocksdb,GCF_034169345.1 Gemmiger sp.,e4e92f05e221e19a6d0450b56268eef4,0.004608294930875576,10000,230,10510000,outputs.mapping/bams.cds.rand/SRR8960968.x.s__Mogibacterium_A kristiansenii.fastq.gz,SRR8960968.x.s__Mogibacterium_A kristiansenii,d69f9a74,16660000,51,DNA,10000,1666,True,0.8646292073840568,0.8998851063638268,0.8822571568739418,0.8998851063638268,True,1,9940,11764,d__Bacteria;p__Bacillota;c__Clostridia;o__Oscillospirales;f__Ruminococcaceae;g__Gemmiger;s__Gemmiger sp004561545
10000,0.0006002400960384153,0.004608294930875576,0.0006002400960384153,0.00017001020061203673,2.0,2.0,0.0,/group/ctbrowngrp5/sourmash-db.new/gtdb-rs226/gtdb-rs226-k51.dna.rocksdb,GCA_004561455.1 bacterium,53ec677c015c1b83f30b1cf2b3f886a9,0.004608294930875576,10000,231,10500000,outputs.mapping/bams.cds.rand/SRR8960968.x.s__Mogibacterium_A kristiansenii.fastq.gz,SRR8960968.x.s__Mogibacterium_A kristiansenii,d69f9a74,16660000,51,DNA,10000,1666,True,0.8646292073840568,0.8998851063638268,0.8822571568739418,0.8998851063638268,True,2,9942,11764,d__Bacteria;p__Bacteroidota;c__Bacteroidia;o__Bacteroidales;f__Paludibacteraceae;g__Aphodosoma;s__Aphodosoma sp900769035
30000,0.001800720288115246,0.002207505518763797,0.0006002400960384153,0.00017001020061203673,2.0,2.0,0.0,/group/ctbrowngrp5/sourmash-db.new/gtdb-rs226/gtdb-rs226-k51.dna.rocksdb,GCF_015547415.1 Flavonifractor plautii,d0b5e961460b791f530d2136691c9e15,0.006622516556291391,10000,232,10490000,outputs.mapping/bams.cds.rand/SRR8960968.x.s__Mogibacterium_A kristiansenii.fastq.gz,SRR8960968.x.s__Mogibacterium_A kristiansenii,d69f9a74,16660000,51,DNA,10000,1666,True,0.8834566024074313,0.9063062225914459,0.8948814124994386,0.9063062225914459,True,2,9944,11764,d__Bacteria;p__Bacillota;c__Clostridia;o__Oscillospirales;f__Oscillospiraceae;g__Flavonifractor;s__Flavonifractor plautii
30000,0.001800720288115246,0.003484320557491289,0.0006002400960384153,0.0002550153009180551,3.0,3.0,0.0,/group/ctbrowngrp5/sourmash-db.new/gtdb-rs226/gtdb-rs226-k51.dna.rocksdb,GCF_020540365.1 [Ruminococcus] lactaris,2ce061c9944c6fbbdb272dbfa4b8687f,0.010452961672473868,10000,233,10480000,outputs.mapping/bams.cds.rand/SRR8960968.x.s__Mogibacterium_A kristiansenii.fastq.gz,SRR8960968.x.s__Mogibacterium_A kristiansenii,d69f9a74,16660000,51,DNA,10000,1666,True,0.8834566024074313,0.9144533516772876,0.8989549770423595,0.9144533516772876,True,3,9947,11764,d__Bacteria;p__Bacillota;c__Clostridia;o__Lachnospirales;f__Lachnospiraceae;g__Mediterraneibacter;s__Mediterraneibacter lactaris
20000,0.0012004801920768306,0.0048543689320388345,0.0006002400960384153,8.500510030601836e-05,1.0,1.0,0.0,/group/ctbrowngrp5/sourmash-db.new/gtdb-rs226/gtdb-rs226-k51.dna.rocksdb,GCA_902373415.1 uncultured Eubacteriales bacterium,0b0637bb17768918899d09be12ee1e7a,0.009708737864077669,10000,234,10470000,outputs.mapping/bams.cds.rand/SRR8960968.x.s__Mogibacterium_A kristiansenii.fastq.gz,SRR8960968.x.s__Mogibacterium_A kristiansenii,d69f9a74,16660000,51,DNA,10000,1666,True,0.8764607072739828,0.913129983386235,0.894795345330109,0.913129983386235,True,1,9948,11764,d__Bacteria;p__Bacillota;c__Clostridia;o__Oscillospirales;f__UBA644;g__UBA644;s__UBA644 sp002299265
40000,0.0024009603841536613,0.001451378809869376,0.0006002400960384153,0.002125127507650459,25.0,25.0,0.0,/group/ctbrowngrp5/sourmash-db.new/gtdb-rs226/gtdb-rs226-k51.dna.rocksdb,GCA_902484955.1 uncultured Bacteroides sp.,bd6e9f7d5ed0dbcaeb858a439c01072e,0.005805515239477504,10000,235,10460000,outputs.mapping/bams.cds.rand/SRR8960968.x.s__Mogibacterium_A kristiansenii.fastq.gz,SRR8960968.x.s__Mogibacterium_A kristiansenii,d69f9a74,16660000,51,DNA,10000,1666,True,0.8884541082290704,0.9039694229510074,0.8962117655900389,0.9039694229510074,True,25,9973,11764,d__Bacteria;p__Bacteroidota;c__Bacteroidia;o__Bacteroidales;f__Bacteroidaceae;g__Bacteroides;s__Bacteroides sp900765785
50000,0.003001200480192077,0.00398406374501992,0.0006002400960384153,0.00034002040122407346,4.0,4.0,0.0,/group/ctbrowngrp5/sourmash-db.new/gtdb-rs226/gtdb-rs226-k51.dna.rocksdb,GCA_037347665.1 Gemmiger formicilis,84992fa66c78a1c665690a68ea13bb53,0.0199203187250996,10000,236,10450000,outputs.mapping/bams.cds.rand/SRR8960968.x.s__Mogibacterium_A kristiansenii.fastq.gz,SRR8960968.x.s__Mogibacterium_A kristiansenii,d69f9a74,16660000,51,DNA,10000,1666,True,0.8923499347428504,0.9260893040135959,0.9092196193782232,0.9260893040135959,True,4,9977,11764,d__Bacteria;p__Bacillota;c__Clostridia;o__Oscillospirales;f__Ruminococcaceae;g__Gemmiger;s__Gemmiger formicilis
10000,0.0006002400960384153,0.003745318352059925,0.0006002400960384153,0.0004250255015300918,5.0,5.0,0.0,/group/ctbrowngrp5/sourmash-db.new/gtdb-rs226/gtdb-rs226-k51.dna.rocksdb,GCA_900314235.1 uncultured Prevotellaceae bacterium,e804f376a4eca488d1437c123143a92e,0.003745318352059925,10000,237,10440000,outputs.mapping/bams.cds.rand/SRR8960968.x.s__Mogibacterium_A kristiansenii.fastq.gz,SRR8960968.x.s__Mogibacterium_A kristiansenii,d69f9a74,16660000,51,DNA,10000,1666,True,0.8646292073840568,0.8962338603010542,0.8804315338425555,0.8962338603010542,True,5,9982,11764,d__Bacteria;p__Bacteroidota;c__Bacteroidia;o__Bacteroidales;f__Bacteroidaceae;g__Prevotella;s__Prevotella sp002251295
20000,0.0012004801920768306,0.004424778761061947,0.0006002400960384153,8.500510030601836e-05,1.0,1.0,0.0,/group/ctbrowngrp5/sourmash-db.new/gtdb-rs226/gtdb-rs226-k51.dna.rocksdb,GCA_022775045.1 Agathobacter sp.,8c2a7ae6737e3ba5c12890463865a54d,0.008849557522123894,10000,238,10430000,outputs.mapping/bams.cds.rand/SRR8960968.x.s__Mogibacterium_A kristiansenii.fastq.gz,SRR8960968.x.s__Mogibacterium_A kristiansenii,d69f9a74,16660000,51,DNA,10000,1666,True,0.8764607072739828,0.9114724786438645,0.8939665929589237,0.9114724786438645,True,1,9983,11764,d__Bacteria;p__Bacillota;c__Clostridia;o__Lachnospirales;f__Lachnospiraceae;g__Agathobacter;s__Agathobacter sp022775045
10000,0.0006002400960384153,0.005747126436781609,0.0006002400960384153,0.00017001020061203673,2.0,2.0,0.0,/group/ctbrowngrp5/sourmash-db.new/gtdb-rs226/gtdb-rs226-k51.dna.rocksdb,GCA_945876485.1 uncultured Clostridia bacterium,0ef73fd29ecbc4e4ee368e0ac82dd77f,0.005747126436781609,10000,239,10420000,outputs.mapping/bams.cds.rand/SRR8960968.x.s__Mogibacterium_A kristiansenii.fastq.gz,SRR8960968.x.s__Mogibacterium_A kristiansenii,d69f9a74,16660000,51,DNA,10000,1666,True,0.8646292073840568,0.9037902706106046,0.8842097389973307,0.9037902706106046,True,2,9985,11764,d__Bacteria;p__Bacillota;c__Clostridia;o__Oscillospirales;f__Oscillospiraceae;g__CAG-170;s__CAG-170 sp900553545
10000,0.0006002400960384153,0.004672897196261682,0.0006002400960384153,0.00017001020061203673,2.0,2.0,0.0,/group/ctbrowngrp5/sourmash-db.new/gtdb-rs226/gtdb-rs226-k51.dna.rocksdb,GCA_934589235.1 uncultured Dysosmobacter sp.,c8b936eda56b95ba861f116639d29b8d,0.004672897196261682,10000,240,10410000,outputs.mapping/bams.cds.rand/SRR8960968.x.s__Mogibacterium_A kristiansenii.fastq.gz,SRR8960968.x.s__Mogibacterium_A kristiansenii,d69f9a74,16660000,51,DNA,10000,1666,True,0.8646292073840568,0.9001307792101635,0.8823799932971101,0.9001307792101635,True,2,9987,11764,d__Bacteria;p__Bacillota;c__Clostridia;o__Oscillospirales;f__Oscillospiraceae;g__Oscillibacter;s__Oscillibacter segnis
10000,0.0006002400960384153,0.004219409282700422,0.0006002400960384153,8.500510030601836e-05,1.0,1.0,0.0,/group/ctbrowngrp5/sourmash-db.new/gtdb-rs226/gtdb-rs226-k51.dna.rocksdb,GCA_022763735.1 Clostridiales bacterium,1c3ba2f0a864561c32b68209b0a6159f,0.004219409282700422,10000,241,10400000,outputs.mapping/bams.cds.rand/SRR8960968.x.s__Mogibacterium_A kristiansenii.fastq.gz,SRR8960968.x.s__Mogibacterium_A kristiansenii,d69f9a74,16660000,51,DNA,10000,1666,True,0.8646292073840568,0.898330834887376,0.8814800211357163,0.898330834887376,True,1,9988,11764,d__Bacteria;p__Bacillota;c__Clostridia;o__Peptostreptococcales;f__Anaerovoracaceae;g__Lentihominibacter;s__Lentihominibacter sp022763735
50000,0.003001200480192077,0.0036231884057971015,0.0006002400960384153,8.500510030601836e-05,1.0,1.0,0.0,/group/ctbrowngrp5/sourmash-db.new/gtdb-rs226/gtdb-rs226-k51.dna.rocksdb,GCA_945827535.1 uncultured Prevotella sp.,970ead92da5a0fecd7bc1309e864f6d6,0.018115942028985508,10000,242,10390000,outputs.mapping/bams.cds.rand/SRR8960968.x.s__Mogibacterium_A kristiansenii.fastq.gz,SRR8960968.x.s__Mogibacterium_A kristiansenii,d69f9a74,16660000,51,DNA,10000,1666,True,0.8923499347428504,0.924366785208091,0.9083583599754708,0.924366785208091,True,1,9989,11764,d__Bacteria;p__Bacteroidota;c__Bacteroidia;o__Bacteroidales;f__Bacteroidaceae;g__Prevotella;s__Prevotella sp900546535
10000,0.0006002400960384153,0.003861003861003861,0.0006002400960384153,8.500510030601836e-05,1.0,1.0,0.0,/group/ctbrowngrp5/sourmash-db.new/gtdb-rs226/gtdb-rs226-k51.dna.rocksdb,GCA_030526355.1 Bacillota bacterium,18117e7c547355503e154e6adf75476a,0.003861003861003861,10000,243,10380000,outputs.mapping/bams.cds.rand/SRR8960968.x.s__Mogibacterium_A kristiansenii.fastq.gz,SRR8960968.x.s__Mogibacterium_A kristiansenii,d69f9a74,16660000,51,DNA,10000,1666,True,0.8646292073840568,0.8967686073925827,0.8806989073883198,0.8967686073925827,True,1,9990,11764,d__Bacteria;p__Bacillota;c__Clostridia;o__Peptostreptococcales;f__Anaerovoracaceae;g__Lentihominibacter;s__Lentihominibacter sp030526355
50000,0.003001200480192077,0.0027624309392265192,0.0006002400960384153,8.500510030601836e-05,1.0,1.0,0.0,/group/ctbrowngrp5/sourmash-db.new/gtdb-rs226/gtdb-rs226-k51.dna.rocksdb,GCF_015552275.1 Holdemania sp. 1001302B_160321_E10,91fa4ed59f9ea1df24e0e2923f8728d8,0.013812154696132596,10000,244,10370000,outputs.mapping/bams.cds.rand/SRR8960968.x.s__Mogibacterium_A kristiansenii.fastq.gz,SRR8960968.x.s__Mogibacterium_A kristiansenii,d69f9a74,16660000,51,DNA,10000,1666,True,0.8923499347428504,0.9194635936128721,0.9059067641778613,0.9194635936128721,True,1,9991,11764,d__Bacteria;p__Bacillota;c__Bacilli;o__Erysipelotrichales;f__Erysipelotrichaceae;g__Holdemania;s__Holdemania sp900120005
20000,0.0012004801920768306,0.0017543859649122807,0.0006002400960384153,0.00017001020061203673,2.0,2.0,0.0,/group/ctbrowngrp5/sourmash-db.new/gtdb-rs226/gtdb-rs226-k51.dna.rocksdb,GCF_001940505.1 Serratia marcescens,012b0879bf954fd8e1e39652173822a9,0.0035087719298245615,10000,245,10360000,outputs.mapping/bams.cds.rand/SRR8960968.x.s__Mogibacterium_A kristiansenii.fastq.gz,SRR8960968.x.s__Mogibacterium_A kristiansenii,d69f9a74,16660000,51,DNA,10000,1666,True,0.8764607072739828,0.8950881077119309,0.8857744074929569,0.8950881077119309,True,2,9993,11764,d__Bacteria;p__Pseudomonadota;c__Gammaproteobacteria;o__Enterobacterales;f__Enterobacteriaceae;g__Serratia;s__Serratia nematodiphila
30000,0.001800720288115246,0.0024449877750611247,0.0006002400960384153,0.00017001020061203673,2.0,2.0,0.0,/group/ctbrowngrp5/sourmash-db.new/gtdb-rs226/gtdb-rs226-k51.dna.rocksdb,GCA_021616595.1 Bacteroidales bacterium,58da32daf3e3c54075353a3fd64979fd,0.007334963325183374,10000,246,10350000,outputs.mapping/bams.cds.rand/SRR8960968.x.s__Mogibacterium_A kristiansenii.fastq.gz,SRR8960968.x.s__Mogibacterium_A kristiansenii,d69f9a74,16660000,51,DNA,10000,1666,True,0.8834566024074313,0.9081238000322381,0.8957902012198347,0.9081238000322381,True,2,9995,11764,d__Bacteria;p__Bacteroidota;c__Bacteroidia;o__Bacteroidales;f__UBA932;g__Cryptobacteroides;s__Cryptobacteroides sp000433355
10000,0.0006002400960384153,0.005780346820809248,0.0006002400960384153,0.0025501530091805507,30.0,30.0,0.0,/group/ctbrowngrp5/sourmash-db.new/gtdb-rs226/gtdb-rs226-k51.dna.rocksdb,GCA_022768845.1 Faecalibacterium prausnitzii,a35669d3a6feec454a0f489b1ade321c,0.005780346820809248,10000,247,10340000,outputs.mapping/bams.cds.rand/SRR8960968.x.s__Mogibacterium_A kristiansenii.fastq.gz,SRR8960968.x.s__Mogibacterium_A kristiansenii,d69f9a74,16660000,51,DNA,10000,1666,True,0.8646292073840568,0.9038924171716131,0.8842608122778349,0.9038924171716131,True,30,10025,11764,d__Bacteria;p__Bacillota;c__Clostridia;o__Oscillospirales;f__Ruminococcaceae;g__Faecalibacterium;s__Faecalibacterium prausnitzii_M
10000,0.0006002400960384153,0.003436426116838488,0.0006002400960384153,0.00017001020061203673,2.0,2.0,0.0,/group/ctbrowngrp5/sourmash-db.new/gtdb-rs226/gtdb-rs226-k51.dna.rocksdb,GCA_034186835.1 Roseburia faecis,844db7aa8de5424b40e1f50c64a61359,0.003436426116838488,10000,248,10330000,outputs.mapping/bams.cds.rand/SRR8960968.x.s__Mogibacterium_A kristiansenii.fastq.gz,SRR8960968.x.s__Mogibacterium_A kristiansenii,d69f9a74,16660000,51,DNA,10000,1666,True,0.8646292073840568,0.8947225285960692,0.8796758679900629,0.8947225285960692,True,2,10027,11764,d__Bacteria;p__Bacillota;c__Clostridia;o__Lachnospirales;f__Lachnospiraceae;g__Agathobacter;s__Agathobacter faecis
10000,0.0006002400960384153,0.0035211267605633804,0.0006002400960384153,0.0002550153009180551,3.0,3.0,0.0,/group/ctbrowngrp5/sourmash-db.new/gtdb-rs226/gtdb-rs226-k51.dna.rocksdb,GCA_945931505.1 uncultured Clostridia bacterium,97604d60f8f5b83cd203f8a7b35066e7,0.0035211267605633804,10000,249,10320000,outputs.mapping/bams.cds.rand/SRR8960968.x.s__Mogibacterium_A kristiansenii.fastq.gz,SRR8960968.x.s__Mogibacterium_A kristiansenii,d69f9a74,16660000,51,DNA,10000,1666,True,0.8646292073840568,0.8951497996982114,0.879889503541134,0.8951497996982114,True,3,10030,11764,d__Bacteria;p__Bacillota;c__Clostridia;o__Christensenellales;f__Aristaeellaceae;g__Ventricola;s__Ventricola sp945928315
10000,0.0006002400960384153,0.004807692307692308,0.0006002400960384153,0.00017001020061203673,2.0,2.0,0.0,/group/ctbrowngrp5/sourmash-db.new/gtdb-rs226/gtdb-rs226-k51.dna.rocksdb,GCA_029100745.1 Olsenella sp.,2fd20a07d02d783449fca53b43c52ab0,0.004807692307692308,10000,250,10310000,outputs.mapping/bams.cds.rand/SRR8960968.x.s__Mogibacterium_A kristiansenii.fastq.gz,SRR8960968.x.s__Mogibacterium_A kristiansenii,d69f9a74,16660000,51,DNA,10000,1666,True,0.8646292073840568,0.9006328380135685,0.8826310226988127,0.9006328380135685,True,2,10032,11764,d__Bacteria;p__Actinomycetota;c__Coriobacteriia;o__Coriobacteriales;f__Atopobiaceae;g__UBA7748;s__UBA7748 sp900314535
10000,0.0006002400960384153,0.0038314176245210726,0.0006002400960384153,0.00017001020061203673,2.0,2.0,0.0,/group/ctbrowngrp5/sourmash-db.new/gtdb-rs226/gtdb-rs226-k51.dna.rocksdb,GCA_022787405.1 Bacillota bacterium,c434930ebfcc110ce818ba51905c9e2e,0.0038314176245210726,10000,251,10300000,outputs.mapping/bams.cds.rand/SRR8960968.x.s__Mogibacterium_A kristiansenii.fastq.gz,SRR8960968.x.s__Mogibacterium_A kristiansenii,d69f9a74,16660000,51,DNA,10000,1666,True,0.8646292073840568,0.8966333577089488,0.8806312825465028,0.8966333577089488,True,2,10034,11764,d__Bacteria;p__Bacillota;c__Clostridia;o__Peptostreptococcales;f__Anaerovoracaceae;g__CAG-238;s__CAG-238 sp022787405
80000,0.004801920768307323,0.003389830508474576,0.0006002400960384153,0.0005950357021421286,7.0,7.0,0.0,/group/ctbrowngrp5/sourmash-db.new/gtdb-rs226/gtdb-rs226-k51.dna.rocksdb,GCA_041330435.1 Gemmiger qucibialis,50a8c5693ccfb0a7a8aee45e8e03dcc5,0.02711864406779661,10000,252,10290000,outputs.mapping/bams.cds.rand/SRR8960968.x.s__Mogibacterium_A kristiansenii.fastq.gz,SRR8960968.x.s__Mogibacterium_A kristiansenii,d69f9a74,16660000,51,DNA,10000,1666,True,0.9006116256873575,0.9317078704530535,0.9161597480702055,0.9317078704530535,False,7,10041,11764,d__Bacteria;p__Bacillota;c__Clostridia;o__Oscillospirales;f__Ruminococcaceae;g__Gemmiger;s__Gemmiger qucibialis
20000,0.0012004801920768306,0.004166666666666667,0.0006002400960384153,0.00017001020061203673,2.0,2.0,0.0,/group/ctbrowngrp5/sourmash-db.new/gtdb-rs226/gtdb-rs226-k51.dna.rocksdb,GCA_945827675.1 uncultured bacterium,893cf79bc9884c73ae197ce137fdd4c2,0.008333333333333333,10000,253,10280000,outputs.mapping/bams.cds.rand/SRR8960968.x.s__Mogibacterium_A kristiansenii.fastq.gz,SRR8960968.x.s__Mogibacterium_A kristiansenii,d69f9a74,16660000,51,DNA,10000,1666,True,0.8764607072739828,0.9103989334640178,0.8934298203690003,0.9103989334640178,True,2,10043,11764,d__Bacteria;p__Bacillota;c__Clostridia;o__Oscillospirales;f__Ruminococcaceae;g__Gemmiger;s__Gemmiger sp004561545
20000,0.0012004801920768306,0.00392156862745098,0.0006002400960384153,0.0002550153009180551,3.0,3.0,0.0,/group/ctbrowngrp5/sourmash-db.new/gtdb-rs226/gtdb-rs226-k51.dna.rocksdb,GCF_033488895.1 Mitsuokella jalaludinii,3c244018b31ba4bfa6b4bcfd7b7002f1,0.00784313725490196,10000,254,10270000,outputs.mapping/bams.cds.rand/SRR8960968.x.s__Mogibacterium_A kristiansenii.fastq.gz,SRR8960968.x.s__Mogibacterium_A kristiansenii,d69f9a74,16660000,51,DNA,10000,1666,True,0.8764607072739828,0.9093173687616155,0.8928890380177992,0.9093173687616155,True,3,10046,11764,d__Bacteria;p__Bacillota;c__Negativicutes;o__Selenomonadales;f__Selenomonadaceae;g__Mitsuokella;s__Mitsuokella jalaludinii
10000,0.0006002400960384153,0.006535947712418301,0.0006002400960384153,8.500510030601836e-05,1.0,1.0,0.0,/group/ctbrowngrp5/sourmash-db.new/gtdb-rs226/gtdb-rs226-k51.dna.rocksdb,GCA_037065565.1 Eubacteriales bacterium,e3f9a584c4401f8668de3c311e81b88c,0.006535947712418301,10000,255,10260000,outputs.mapping/bams.cds.rand/SRR8960968.x.s__Mogibacterium_A kristiansenii.fastq.gz,SRR8960968.x.s__Mogibacterium_A kristiansenii,d69f9a74,16660000,51,DNA,10000,1666,True,0.8646292073840568,0.9060724242444924,0.8853508158142747,0.9060724242444924,True,1,10047,11764,d__Bacteria;p__Bacillota;c__Clostridia;o__Oscillospirales;f__CAG-272;g__CAG-841;s__CAG-841 sp900544285
10000,0.0006002400960384153,0.0051813471502590676,0.0006002400960384153,0.0002550153009180551,3.0,3.0,0.0,/group/ctbrowngrp5/sourmash-db.new/gtdb-rs226/gtdb-rs226-k51.dna.rocksdb,GCA_030842505.1 Oscillospiraceae bacterium,9a5ce6b6259b55c6e6385e8216e9cb01,0.0051813471502590676,10000,256,10250000,outputs.mapping/bams.cds.rand/SRR8960968.x.s__Mogibacterium_A kristiansenii.fastq.gz,SRR8960968.x.s__Mogibacterium_A kristiansenii,d69f9a74,16660000,51,DNA,10000,1666,True,0.8646292073840568,0.9019555822980565,0.8832923948410567,0.9019555822980565,True,3,10050,11764,d__Bacteria;p__Bacillota;c__Clostridia;o__Oscillospirales;f__Oscillospiraceae;g__CAG-103;s__CAG-103 sp000432375
30000,0.001800720288115246,0.0035335689045936395,0.0006002400960384153,8.500510030601836e-05,1.0,1.0,0.0,/group/ctbrowngrp5/sourmash-db.new/gtdb-rs226/gtdb-rs226-k51.dna.rocksdb,GCA_039838805.1 [Eubacterium] siraeum,f2ed5be4a8e71061d59b580c2a3fa75d,0.01060070671378092,10000,257,10240000,outputs.mapping/bams.cds.rand/SRR8960968.x.s__Mogibacterium_A kristiansenii.fastq.gz,SRR8960968.x.s__Mogibacterium_A kristiansenii,d69f9a74,16660000,51,DNA,10000,1666,True,0.8834566024074313,0.9147050459893903,0.8990808241984107,0.9147050459893903,True,1,10051,11764,d__Bacteria;p__Bacillota;c__Clostridia;o__Oscillospirales;f__Ruminococcaceae;g__Ruminiclostridium_E;s__Ruminiclostridium_E siraeum
30000,0.001800720288115246,0.002652519893899204,0.0006002400960384153,8.500510030601836e-05,1.0,1.0,0.0,/group/ctbrowngrp5/sourmash-db.new/gtdb-rs226/gtdb-rs226-k51.dna.rocksdb,GCA_900752105.1 Lachnospiraceae bacterium,3e1f43259acf1163eb92fff0f0af6489,0.007957559681697613,10000,258,10230000,outputs.mapping/bams.cds.rand/SRR8960968.x.s__Mogibacterium_A kristiansenii.fastq.gz,SRR8960968.x.s__Mogibacterium_A kristiansenii,d69f9a74,16660000,51,DNA,10000,1666,True,0.8834566024074313,0.9095756420417388,0.896516122224585,0.9095756420417388,True,1,10052,11764,d__Bacteria;p__Bacillota;c__Clostridia;o__Lachnospirales;f__Lachnospiraceae;g__CAG-590;s__CAG-590 sp900544905
70000,0.004201680672268907,0.001644736842105263,0.0006002400960384153,8.500510030601836e-05,1.0,1.0,0.0,/group/ctbrowngrp5/sourmash-db.new/gtdb-rs226/gtdb-rs226-k51.dna.rocksdb,GCF_024462715.1 Blautia producta,c06f49c8ef794aa66533ee63f1e07297,0.011513157894736841,10000,259,10220000,outputs.mapping/bams.cds.rand/SRR8960968.x.s__Mogibacterium_A kristiansenii.fastq.gz,SRR8960968.x.s__Mogibacterium_A kristiansenii,d69f9a74,16660000,51,DNA,10000,1666,True,0.8982566722388579,0.9161871686386716,0.9072219204387647,0.9161871686386716,False,1,10053,11764,d__Bacteria;p__Bacillota;c__Clostridia;o__Lachnospirales;f__Lachnospiraceae;g__Blautia;s__Blautia coccoides
10000,0.0006002400960384153,0.006711409395973154,0.0006002400960384153,0.00017001020061203673,2.0,2.0,0.0,/group/ctbrowngrp5/sourmash-db.new/gtdb-rs226/gtdb-rs226-k51.dna.rocksdb,GCA_904376875.1 Lactobacillus gallinarum,6a3b760c22b029d295e4e1883f7c6991,0.006711409395973154,10000,260,10210000,outputs.mapping/bams.cds.rand/SRR8960968.x.s__Mogibacterium_A kristiansenii.fastq.gz,SRR8960968.x.s__Mogibacterium_A kristiansenii,d69f9a74,16660000,51,DNA,10000,1666,True,0.8646292073840568,0.9065431998816279,0.8855862036328424,0.9065431998816279,True,2,10055,11764,d__Bacteria;p__Bacillota;c__Bacilli;o__Lactobacillales;f__Lactobacillaceae;g__Lactobacillus;s__Lactobacillus gallinarum
10000,0.0006002400960384153,0.003745318352059925,0.0006002400960384153,0.00034002040122407346,4.0,4.0,0.0,/group/ctbrowngrp5/sourmash-db.new/gtdb-rs226/gtdb-rs226-k51.dna.rocksdb,GCA_004558615.1 Ruminococcus flavefaciens,d0eae2b282d7da053baf7be0a6a893c7,0.003745318352059925,10000,261,10200000,outputs.mapping/bams.cds.rand/SRR8960968.x.s__Mogibacterium_A kristiansenii.fastq.gz,SRR8960968.x.s__Mogibacterium_A kristiansenii,d69f9a74,16660000,51,DNA,10000,1666,True,0.8646292073840568,0.8962338603010542,0.8804315338425555,0.8962338603010542,True,4,10059,11764,d__Bacteria;p__Bacillota;c__Clostridia;o__Oscillospirales;f__Ruminococcaceae;g__Ruminococcus;s__Ruminococcus flavefaciens_Q
20000,0.0012004801920768306,0.004166666666666667,0.0006002400960384153,0.00017001020061203673,2.0,2.0,0.0,/group/ctbrowngrp5/sourmash-db.new/gtdb-rs226/gtdb-rs226-k51.dna.rocksdb,GCA_934660955.1 uncultured Clostridia bacterium,84214eb67b5fab6151df258821e09b8b,0.008333333333333333,10000,262,10190000,outputs.mapping/bams.cds.rand/SRR8960968.x.s__Mogibacterium_A kristiansenii.fastq.gz,SRR8960968.x.s__Mogibacterium_A kristiansenii,d69f9a74,16660000,51,DNA,10000,1666,True,0.8764607072739828,0.9103989334640178,0.8934298203690003,0.9103989334640178,True,2,10061,11764,d__Bacteria;p__Bacillota;c__Clostridia;o__Christensenellales;f__Aristaeellaceae;g__SFMI01;s__SFMI01 sp004556155
20000,0.0012004801920768306,0.0047169811320754715,0.0006002400960384153,8.500510030601836e-05,1.0,1.0,0.0,/group/ctbrowngrp5/sourmash-db.new/gtdb-rs226/gtdb-rs226-k51.dna.rocksdb,GCA_902474085.1 uncultured Oscillospiraceae bacterium,d59c6ce3fb66ff03596fd6578890aa85,0.009433962264150943,10000,263,10180000,outputs.mapping/bams.cds.rand/SRR8960968.x.s__Mogibacterium_A kristiansenii.fastq.gz,SRR8960968.x.s__Mogibacterium_A kristiansenii,d69f9a74,16660000,51,DNA,10000,1666,True,0.8764607072739828,0.9126160876839744,0.8945383974789787,0.9126160876839744,True,1,10062,11764,d__Bacteria;p__Bacillota;c__Clostridia;o__Oscillospirales;f__Acutalibacteraceae;g__UBA5905;s__UBA5905 sp002437905
20000,0.0012004801920768306,0.003676470588235294,0.0006002400960384153,8.500510030601836e-05,1.0,1.0,0.0,/group/ctbrowngrp5/sourmash-db.new/gtdb-rs226/gtdb-rs226-k51.dna.rocksdb,GCA_934798245.1 uncultured Fusicatenibacter sp.,4f81467c4bf38735ca2038738a586cfe,0.007352941176470588,10000,264,10170000,outputs.mapping/bams.cds.rand/SRR8960968.x.s__Mogibacterium_A kristiansenii.fastq.gz,SRR8960968.x.s__Mogibacterium_A kristiansenii,d69f9a74,16660000,51,DNA,10000,1666,True,0.8764607072739828,0.9081673906938506,0.8923140489839168,0.9081673906938506,True,1,10063,11764,d__Bacteria;p__Bacillota;c__Clostridia;o__Lachnospirales;f__Lachnospiraceae;g__Fusicatenibacter;s__Fusicatenibacter saccharivorans
10000,0.0006002400960384153,0.00510204081632653,0.0006002400960384153,0.0002550153009180551,3.0,3.0,0.0,/group/ctbrowngrp5/sourmash-db.new/gtdb-rs226/gtdb-rs226-k51.dna.rocksdb,GCA_019417405.1 Clostridiales bacterium,f53a6d103d0b1404d68674847e28223b,0.00510204081632653,10000,265,10160000,outputs.mapping/bams.cds.rand/SRR8960968.x.s__Mogibacterium_A kristiansenii.fastq.gz,SRR8960968.x.s__Mogibacterium_A kristiansenii,d69f9a74,16660000,51,DNA,10000,1666,True,0.8646292073840568,0.9016828355623467,0.8831560214732017,0.9016828355623467,True,3,10066,11764,d__Bacteria;p__Bacillota;c__Clostridia;o__Christensenellales;f__CAG-138;g__SFEL01;s__SFEL01 sp004557245
20000,0.0012004801920768306,0.005208333333333333,0.0006002400960384153,0.0002550153009180551,3.0,3.0,0.0,/group/ctbrowngrp5/sourmash-db.new/gtdb-rs226/gtdb-rs226-k51.dna.rocksdb,GCA_937984015.1 uncultured Phascolarctobacterium sp.,e0cfdc977895caf17cc430ba4a64b072,0.010416666666666666,10000,266,10150000,outputs.mapping/bams.cds.rand/SRR8960968.x.s__Mogibacterium_A kristiansenii.fastq.gz,SRR8960968.x.s__Mogibacterium_A kristiansenii,d69f9a74,16660000,51,DNA,10000,1666,True,0.8764607072739828,0.9143909869311075,0.8954258471025451,0.9143909869311075,True,3,10069,11764,d__Bacteria;p__Bacillota;c__Negativicutes;o__Acidaminococcales;f__Acidaminococcaceae;g__Phascolarctobacterium_A;s__Phascolarctobacterium_A sp900553055
20000,0.0012004801920768306,0.004329004329004329,0.0006002400960384153,0.0005100306018361102,6.0,6.0,0.0,/group/ctbrowngrp5/sourmash-db.new/gtdb-rs226/gtdb-rs226-k51.dna.rocksdb,GCA_945831925.1 uncultured Clostridia bacterium,f904344169dd5fa56b60163c188fd87d,0.008658008658008658,10000,267,10140000,outputs.mapping/bams.cds.rand/SRR8960968.x.s__Mogibacterium_A kristiansenii.fastq.gz,SRR8960968.x.s__Mogibacterium_A kristiansenii,d69f9a74,16660000,51,DNA,10000,1666,True,0.8764607072739828,0.9110814745136516,0.8937710908938172,0.9110814745136516,True,6,10075,11764,d__Bacteria;p__Bacillota;c__Clostridia;o__Oscillospirales;f__Butyricicoccaceae;g__Butyricicoccus_A;s__Butyricicoccus_A intestinisimiae
20000,0.0012004801920768306,0.0045662100456621,0.0006002400960384153,0.000935056103366202,11.0,11.0,0.0,/group/ctbrowngrp5/sourmash-db.new/gtdb-rs226/gtdb-rs226-k51.dna.rocksdb,GCA_904390925.1 uncultured Subdoligranulum sp.,1d521f427ae5e78c8f7815431953d845,0.0091324200913242,10000,268,10130000,outputs.mapping/bams.cds.rand/SRR8960968.x.s__Mogibacterium_A kristiansenii.fastq.gz,SRR8960968.x.s__Mogibacterium_A kristiansenii,d69f9a74,16660000,51,DNA,10000,1666,True,0.8764607072739828,0.91203496397918,0.8942478356265815,0.91203496397918,True,11,10086,11764,d__Bacteria;p__Bacillota;c__Clostridia;o__Oscillospirales;f__Ruminococcaceae;g__Gemmiger;s__Gemmiger sp904390925
40000,0.0024009603841536613,0.0031645569620253164,0.0006002400960384153,8.500510030601836e-05,1.0,1.0,0.0,/group/ctbrowngrp5/sourmash-db.new/gtdb-rs226/gtdb-rs226-k51.dna.rocksdb,GCF_000296385.1 Lachnoanaerobaculum sp. OBRC5-5,990f478918e5c0a7574d2683b0e53d47,0.012658227848101266,10000,269,10120000,outputs.mapping/bams.cds.rand/SRR8960968.x.s__Mogibacterium_A kristiansenii.fastq.gz,SRR8960968.x.s__Mogibacterium_A kristiansenii,d69f9a74,16660000,51,DNA,10000,1666,True,0.8884541082290704,0.9178920865148493,0.9031730973719598,0.9178920865148493,True,1,10087,11764,d__Bacteria;p__Bacillota;c__Clostridia;o__Lachnospirales;f__Lachnospiraceae;g__Lachnoanaerobaculum;s__Lachnoanaerobaculum sp000296385
20000,0.0012004801920768306,0.004901960784313725,0.0006002400960384153,8.500510030601836e-05,1.0,1.0,0.0,/group/ctbrowngrp5/sourmash-db.new/gtdb-rs226/gtdb-rs226-k51.dna.rocksdb,GCA_036549815.1 Oscillospiraceae bacterium,872296e98ff7f162c3daa5efd8b52391,0.00980392156862745,10000,270,10110000,outputs.mapping/bams.cds.rand/SRR8960968.x.s__Mogibacterium_A kristiansenii.fastq.gz,SRR8960968.x.s__Mogibacterium_A kristiansenii,d69f9a74,16660000,51,DNA,10000,1666,True,0.8764607072739828,0.9133046796219629,0.8948826934479729,0.9133046796219629,True,1,10088,11764,d__Bacteria;p__Bacillota;c__Clostridia;o__Oscillospirales;f__Oscillospiraceae;g__Hominicoprocola;s__Hominicoprocola sp003522105
20000,0.0012004801920768306,0.004273504273504274,0.0006002400960384153,0.00034002040122407346,4.0,4.0,0.0,/group/ctbrowngrp5/sourmash-db.new/gtdb-rs226/gtdb-rs226-k51.dna.rocksdb,GCA_945910065.1 uncultured Lachnospiraceae bacterium,e6beae4c738df1c59cb705d0eaf060e0,0.008547008547008548,10000,271,10100000,outputs.mapping/bams.cds.rand/SRR8960968.x.s__Mogibacterium_A kristiansenii.fastq.gz,SRR8960968.x.s__Mogibacterium_A kristiansenii,d69f9a74,16660000,51,DNA,10000,1666,True,0.8764607072739828,0.9108509928265499,0.8936558500502664,0.9108509928265499,True,4,10092,11764,d__Bacteria;p__Bacillota;c__Clostridia;o__Lachnospirales;f__Lachnospiraceae;g__Colinaster;s__Colinaster sp900766815
20000,0.0012004801920768306,0.003745318352059925,0.0006002400960384153,0.00017001020061203673,2.0,2.0,0.0,/group/ctbrowngrp5/sourmash-db.new/gtdb-rs226/gtdb-rs226-k51.dna.rocksdb,GCF_021531435.1 Oscillibacter valericigenes,617c99d9156a7335d3a3995071c8d7b4,0.00749063670411985,10000,272,10090000,outputs.mapping/bams.cds.rand/SRR8960968.x.s__Mogibacterium_A kristiansenii.fastq.gz,SRR8960968.x.s__Mogibacterium_A kristiansenii,d69f9a74,16660000,51,DNA,10000,1666,True,0.8764607072739828,0.9084978351112296,0.8924792711926062,0.9084978351112296,True,2,10094,11764,d__Bacteria;p__Bacillota;c__Clostridia;o__Oscillospirales;f__Oscillospiraceae;g__Oscillibacter;s__Oscillibacter valericigenes_B
10000,0.0006002400960384153,0.002932551319648094,0.0006002400960384153,8.500510030601836e-05,1.0,1.0,0.0,/group/ctbrowngrp5/sourmash-db.new/gtdb-rs226/gtdb-rs226-k51.dna.rocksdb,GCA_018370225.1 Clostridiales bacterium,054e3152e38d52274c44f62d66f2b02c,0.002932551319648094,10000,273,10080000,outputs.mapping/bams.cds.rand/SRR8960968.x.s__Mogibacterium_A kristiansenii.fastq.gz,SRR8960968.x.s__Mogibacterium_A kristiansenii,d69f9a74,16660000,51,DNA,10000,1666,True,0.8646292073840568,0.8919451522429638,0.8782871798135103,0.8919451522429638,True,1,10095,11764,d__Bacteria;p__Bacillota;c__Clostridia;o__Christensenellales;f__Aristaeellaceae;g__Ventricola;s__Ventricola sp900548125
10000,0.0006002400960384153,0.0036496350364963502,0.0006002400960384153,8.500510030601836e-05,1.0,1.0,0.0,/group/ctbrowngrp5/sourmash-db.new/gtdb-rs226/gtdb-rs226-k51.dna.rocksdb,GCA_034088685.1 Candidatus Aphodomonas sp.,823a89cfef8cc611843cfe22a8ea17fc,0.0036496350364963502,10000,274,10070000,outputs.mapping/bams.cds.rand/SRR8960968.x.s__Mogibacterium_A kristiansenii.fastq.gz,SRR8960968.x.s__Mogibacterium_A kristiansenii,d69f9a74,16660000,51,DNA,10000,1666,True,0.8646292073840568,0.895779190619195,0.8802041990016258,0.895779190619195,True,1,10096,11764,d__Bacteria;p__Bacillota;c__Clostridia;o__Christensenellales;f__Aristaeellaceae;g__Aphodomonas;s__Aphodomonas sp004557805
20000,0.0012004801920768306,0.0031746031746031746,0.0006002400960384153,0.0027201632097925877,32.0,32.0,0.0,/group/ctbrowngrp5/sourmash-db.new/gtdb-rs226/gtdb-rs226-k51.dna.rocksdb,GCA_022787145.1 Lachnospiraceae bacterium,d0862086a2034a2fb11b1c8e4afd51cd,0.006349206349206349,10000,275,10060000,outputs.mapping/bams.cds.rand/SRR8960968.x.s__Mogibacterium_A kristiansenii.fastq.gz,SRR8960968.x.s__Mogibacterium_A kristiansenii,d69f9a74,16660000,51,DNA,10000,1666,True,0.8764607072739828,0.9055575743428164,0.8910091408083995,0.9055575743428164,True,32,10128,11764,d__Bacteria;p__Bacillota;c__Clostridia;o__Lachnospirales;f__Lachnospiraceae;g__JALFVM01;s__JALFVM01 sp022787145
30000,0.001800720288115246,0.004878048780487805,0.0006002400960384153,8.500510030601836e-05,1.0,1.0,0.0,/group/ctbrowngrp5/sourmash-db.new/gtdb-rs226/gtdb-rs226-k51.dna.rocksdb,GCA_004556465.1 Clostridiales bacterium,7363bcc4f930e2155426f2b1bccd8ab3,0.014634146341463415,10000,276,10050000,outputs.mapping/bams.cds.rand/SRR8960968.x.s__Mogibacterium_A kristiansenii.fastq.gz,SRR8960968.x.s__Mogibacterium_A kristiansenii,d69f9a74,16660000,51,DNA,10000,1666,True,0.8834566024074313,0.9205063984590509,0.9019815004332411,0.9205063984590509,True,1,10129,11764,d__Bacteria;p__Bacillota;c__Clostridia;o__Christensenellales;f__CAG-138;g__PeH17;s__PeH17 sp000435055
10000,0.0006002400960384153,0.003289473684210526,0.0006002400960384153,8.500510030601836e-05,1.0,1.0,0.0,/group/ctbrowngrp5/sourmash-db.new/gtdb-rs226/gtdb-rs226-k51.dna.rocksdb,GCF_037064655.1 Clostridium baratii,17c3e4ea900c9026bf764d4922a7f5b1,0.003289473684210526,10000,277,10040000,outputs.mapping/bams.cds.rand/SRR8960968.x.s__Mogibacterium_A kristiansenii.fastq.gz,SRR8960968.x.s__Mogibacterium_A kristiansenii,d69f9a74,16660000,51,DNA,10000,1666,True,0.8646292073840568,0.8939561248334033,0.87929266610873,0.8939561248334033,True,1,10130,11764,d__Bacteria;p__Bacillota;c__Clostridia;o__Clostridiales;f__Clostridiaceae;g__Clostridium;s__Clostridium nitritogenes
10000,0.0006002400960384153,0.0019157088122605363,0.0006002400960384153,0.00017001020061203673,2.0,2.0,0.0,/group/ctbrowngrp5/sourmash-db.new/gtdb-rs226/gtdb-rs226-k51.dna.rocksdb,GCA_016709845.1 Flammeovirgaceae bacterium,413cae90e0465009c67d61df9e9d3eab,0.0019157088122605363,10000,278,10030000,outputs.mapping/bams.cds.rand/SRR8960968.x.s__Mogibacterium_A kristiansenii.fastq.gz,SRR8960968.x.s__Mogibacterium_A kristiansenii,d69f9a74,16660000,51,DNA,10000,1666,True,0.8646292073840568,0.8845295436018308,0.8745793754929438,0.8845295436018308,True,2,10132,11764,d__Bacteria;p__Bacteroidota;c__Bacteroidia;o__Cytophagales;f__Cyclobacteriaceae;g__ELB16-189;s__ELB16-189 sp016709845
10000,0.0006002400960384153,0.004545454545454545,0.0006002400960384153,8.500510030601836e-05,1.0,1.0,0.0,/group/ctbrowngrp5/sourmash-db.new/gtdb-rs226/gtdb-rs226-k51.dna.rocksdb,GCA_004557655.1 Clostridiales bacterium,b15598abb27a3ddb3b41bf9e0b3a99e8,0.004545454545454545,10000,279,10020000,outputs.mapping/bams.cds.rand/SRR8960968.x.s__Mogibacterium_A kristiansenii.fastq.gz,SRR8960968.x.s__Mogibacterium_A kristiansenii,d69f9a74,16660000,51,DNA,10000,1666,True,0.8646292073840568,0.8996428723837347,0.8821360398838958,0.8996428723837347,True,1,10133,11764,d__Bacteria;p__Bacillota;c__Clostridia;o__Oscillospirales;f__Oscillospiraceae;g__Vescimonas;s__Vescimonas sp004557655
10000,0.0006002400960384153,0.005025125628140704,0.0006002400960384153,0.00017001020061203673,2.0,2.0,0.0,/group/ctbrowngrp5/sourmash-db.new/gtdb-rs226/gtdb-rs226-k51.dna.rocksdb,GCA_003516765.1 Clostridiales bacterium,2eb569fd86cdb05000de54abff489a30,0.005025125628140704,10000,280,10010000,outputs.mapping/bams.cds.rand/SRR8960968.x.s__Mogibacterium_A kristiansenii.fastq.gz,SRR8960968.x.s__Mogibacterium_A kristiansenii,d69f9a74,16660000,51,DNA,10000,1666,True,0.8646292073840568,0.9014143125831353,0.8830217599835961,0.9014143125831353,True,2,10135,11764,d__Bacteria;p__Bacillota;c__Clostridia;o__Oscillospirales;f__Oscillospiraceae;g__CAG-170;s__CAG-170 sp003516765
10000,0.0006002400960384153,0.0030959752321981426,0.0006002400960384153,8.500510030601836e-05,1.0,1.0,0.0,/group/ctbrowngrp5/sourmash-db.new/gtdb-rs226/gtdb-rs226-k51.dna.rocksdb,GCF_963931295.1 uncultured Mailhella sp.,acca30e828856fb23c7f01b43751e4db,0.0030959752321981426,10000,281,10000000,outputs.mapping/bams.cds.rand/SRR8960968.x.s__Mogibacterium_A kristiansenii.fastq.gz,SRR8960968.x.s__Mogibacterium_A kristiansenii,d69f9a74,16660000,51,DNA,10000,1666,True,0.8646292073840568,0.8928940943821623,0.8787616508831095,0.8928940943821623,True,1,10136,11764,d__Bacteria;p__Desulfobacterota_I;c__Desulfovibrionia;o__Desulfovibrionales;f__Desulfovibrionaceae;g__Mailhella;s__Mailhella sp944324995
110000,0.006602641056422569,0.0031645569620253164,0.0006002400960384153,0.0007650459027541653,9.0,9.0,0.0,/group/ctbrowngrp5/sourmash-db.new/gtdb-rs226/gtdb-rs226-k51.dna.rocksdb,GCF_900148495.1 Negativibacillus massiliensis,14a3469a43c6145dca551886754a026f,0.03481012658227848,10000,282,9990000,outputs.mapping/bams.cds.rand/SRR8960968.x.s__Mogibacterium_A kristiansenii.fastq.gz,SRR8960968.x.s__Mogibacterium_A kristiansenii,d69f9a74,16660000,51,DNA,10000,1666,True,0.9062528105085715,0.9362805297909488,0.9212666701497602,0.9362805297909488,False,9,10145,11764,d__Bacteria;p__Bacillota;c__Clostridia;o__Oscillospirales;f__Ruminococcaceae;g__Negativibacillus;s__Negativibacillus massiliensis
10000,0.0006002400960384153,0.0035460992907801418,0.0006002400960384153,8.500510030601836e-05,1.0,1.0,0.0,/group/ctbrowngrp5/sourmash-db.new/gtdb-rs226/gtdb-rs226-k51.dna.rocksdb,GCA_029225525.1 Clostridiales bacterium,7730a3ee293dcb64da1f3ac4eaf4a0bf,0.0035460992907801418,10000,283,9980000,outputs.mapping/bams.cds.rand/SRR8960968.x.s__Mogibacterium_A kristiansenii.fastq.gz,SRR8960968.x.s__Mogibacterium_A kristiansenii,d69f9a74,16660000,51,DNA,10000,1666,True,0.8646292073840568,0.8952738509072189,0.8799515291456379,0.8952738509072189,True,1,10146,11764,d__Bacteria;p__Bacillota;c__Clostridia;o__Lachnospirales;f__Lachnospiraceae;g__JALFVM01;s__JALFVM01 sp022787145
10000,0.0006002400960384153,0.0035087719298245615,0.0006002400960384153,8.500510030601836e-05,1.0,1.0,0.0,/group/ctbrowngrp5/sourmash-db.new/gtdb-rs226/gtdb-rs226-k51.dna.rocksdb,GCA_034089085.1 Eubacteriales bacterium,9f74fe8ceb65900662d516910de3c04e,0.0035087719298245615,10000,284,9970000,outputs.mapping/bams.cds.rand/SRR8960968.x.s__Mogibacterium_A kristiansenii.fastq.gz,SRR8960968.x.s__Mogibacterium_A kristiansenii,d69f9a74,16660000,51,DNA,10000,1666,True,0.8646292073840568,0.8950881077119309,0.8798586575479939,0.8950881077119309,True,1,10147,11764,d__Bacteria;p__Bacillota;c__Clostridia;o__Christensenellales;f__Aristaeellaceae;g__Firm-10;s__Firm-10 sp004552515
20000,0.0012004801920768306,0.00392156862745098,0.0006002400960384153,0.008670520231213872,102.0,102.0,0.0,/group/ctbrowngrp5/sourmash-db.new/gtdb-rs226/gtdb-rs226-k51.dna.rocksdb,GCF_009695655.1 Sharpea porci,dfe0274f17f56aea7c1510d3a2dfc0bd,0.00784313725490196,10000,285,9960000,outputs.mapping/bams.cds.rand/SRR8960968.x.s__Mogibacterium_A kristiansenii.fastq.gz,SRR8960968.x.s__Mogibacterium_A kristiansenii,d69f9a74,16660000,51,DNA,10000,1666,True,0.8764607072739828,0.9093173687616155,0.8928890380177992,0.9093173687616155,True,102,10249,11764,d__Bacteria;p__Bacillota;c__Bacilli;o__Erysipelotrichales;f__Coprobacillaceae;g__Sharpea;s__Sharpea porci
20000,0.0012004801920768306,0.0037593984962406013,0.0006002400960384153,8.500510030601836e-05,1.0,1.0,0.0,/group/ctbrowngrp5/sourmash-db.new/gtdb-rs226/gtdb-rs226-k51.dna.rocksdb,GCA_034094335.1 Lachnospiraceae bacterium,bbd31b7a2c2a79a4fe894cbfd8decd03,0.007518796992481203,10000,286,9950000,outputs.mapping/bams.cds.rand/SRR8960968.x.s__Mogibacterium_A kristiansenii.fastq.gz,SRR8960968.x.s__Mogibacterium_A kristiansenii,d69f9a74,16660000,51,DNA,10000,1666,True,0.8764607072739828,0.9085646807370644,0.8925126940055237,0.9085646807370644,True,1,10250,11764,d__Bacteria;p__Bacillota;c__Clostridia;o__Lachnospirales;f__Lachnospiraceae;g__SFDP01;s__SFDP01 sp004558185
90000,0.005402160864345739,0.0032679738562091504,0.0006002400960384153,8.500510030601836e-05,1.0,1.0,0.0,/group/ctbrowngrp5/sourmash-db.new/gtdb-rs226/gtdb-rs226-k51.dna.rocksdb,GCF_040097685.1 Fusicatenibacter saccharivorans,1c6a2f84b8bc488d1b149cc24869351d,0.029411764705882353,10000,287,9940000,outputs.mapping/bams.cds.rand/SRR8960968.x.s__Mogibacterium_A kristiansenii.fastq.gz,SRR8960968.x.s__Mogibacterium_A kristiansenii,d69f9a74,16660000,51,DNA,10000,1666,True,0.9026939660050095,0.9331919883470096,0.9179429771760095,0.9331919883470096,False,1,10251,11764,d__Bacteria;p__Bacillota;c__Clostridia;o__Lachnospirales;f__Lachnospiraceae;g__Fusicatenibacter;s__Fusicatenibacter saccharivorans
10000,0.0006002400960384153,0.003424657534246575,0.0006002400960384153,8.500510030601836e-05,1.0,1.0,0.0,/group/ctbrowngrp5/sourmash-db.new/gtdb-rs226/gtdb-rs226-k51.dna.rocksdb,GCA_025543455.1 Segatella copri,613027268f853cb637a116b8085322ad,0.003424657534246575,10000,288,9930000,outputs.mapping/bams.cds.rand/SRR8960968.x.s__Mogibacterium_A kristiansenii.fastq.gz,SRR8960968.x.s__Mogibacterium_A kristiansenii,d69f9a74,16660000,51,DNA,10000,1666,True,0.8646292073840568,0.8946623467567137,0.8796457770703853,0.8946623467567137,True,1,10252,11764,d__Bacteria;p__Bacteroidota;c__Bacteroidia;o__Bacteroidales;f__Bacteroidaceae;g__Prevotella;s__Prevotella copri_B
20000,0.0012004801920768306,0.003484320557491289,0.0006002400960384153,8.500510030601836e-05,1.0,1.0,0.0,/group/ctbrowngrp5/sourmash-db.new/gtdb-rs226/gtdb-rs226-k51.dna.rocksdb,GCF_004135645.1 Senegalimassilia faecalis,e7822a6c5f2242491024fa7255f41f06,0.006968641114982578,10000,289,9920000,outputs.mapping/bams.cds.rand/SRR8960968.x.s__Mogibacterium_A kristiansenii.fastq.gz,SRR8960968.x.s__Mogibacterium_A kristiansenii,d69f9a74,16660000,51,DNA,10000,1666,True,0.8764607072739828,0.9072120002228622,0.8918363537484225,0.9072120002228622,True,1,10253,11764,d__Bacteria;p__Actinomycetota;c__Coriobacteriia;o__Coriobacteriales;f__Eggerthellaceae;g__Senegalimassilia;s__Senegalimassilia faecalis
20000,0.0012004801920768306,0.0019193857965451055,0.0006002400960384153,8.500510030601836e-05,1.0,1.0,0.0,/group/ctbrowngrp5/sourmash-db.new/gtdb-rs226/gtdb-rs226-k51.dna.rocksdb,GCA_004555505.1 Bacteroides fragilis,ae21f80ad06fc1e69524b25773c27222,0.003838771593090211,10000,290,9910000,outputs.mapping/bams.cds.rand/SRR8960968.x.s__Mogibacterium_A kristiansenii.fastq.gz,SRR8960968.x.s__Mogibacterium_A kristiansenii,d69f9a74,16660000,51,DNA,10000,1666,True,0.8764607072739828,0.8966670708098794,0.8865638890419312,0.8966670708098794,True,1,10254,11764,d__Bacteria;p__Bacteroidota;c__Bacteroidia;o__Bacteroidales;f__Bacteroidaceae;g__Bacteroides;s__Bacteroides fragilis
10000,0.0006002400960384153,0.003436426116838488,0.0006002400960384153,0.00017001020061203673,2.0,2.0,0.0,/group/ctbrowngrp5/sourmash-db.new/gtdb-rs226/gtdb-rs226-k51.dna.rocksdb,GCF_041333095.1 Intestinibacter bartlettii,dd98e2dacbf5138c06fb57ec9ba6a71f,0.003436426116838488,10000,291,9900000,outputs.mapping/bams.cds.rand/SRR8960968.x.s__Mogibacterium_A kristiansenii.fastq.gz,SRR8960968.x.s__Mogibacterium_A kristiansenii,d69f9a74,16660000,51,DNA,10000,1666,True,0.8646292073840568,0.8947225285960692,0.8796758679900629,0.8947225285960692,True,2,10256,11764,d__Bacteria;p__Bacillota;c__Clostridia;o__Peptostreptococcales;f__Peptostreptococcaceae;g__Intestinibacter;s__Intestinibacter bartlettii
10000,0.0006002400960384153,0.003472222222222222,0.0006002400960384153,0.00017001020061203673,2.0,2.0,0.0,/group/ctbrowngrp5/sourmash-db.new/gtdb-rs226/gtdb-rs226-k51.dna.rocksdb,GCA_945915995.1 uncultured Clostridia bacterium,30b05fa6b454528eca9ea1d29967bc3c,0.003472222222222222,10000,292,9890000,outputs.mapping/bams.cds.rand/SRR8960968.x.s__Mogibacterium_A kristiansenii.fastq.gz,SRR8960968.x.s__Mogibacterium_A kristiansenii,d69f9a74,16660000,51,DNA,10000,1666,True,0.8646292073840568,0.8949043474404382,0.8797667774122475,0.8949043474404382,True,2,10258,11764,d__Bacteria;p__Bacillota;c__Clostridia;o__Oscillospirales;f__Ruminococcaceae;g__Negativibacillus;s__Negativibacillus massiliensis
10000,0.0006002400960384153,0.008403361344537815,0.0006002400960384153,0.00017001020061203673,2.0,2.0,0.0,/group/ctbrowngrp5/sourmash-db.new/gtdb-rs226/gtdb-rs226-k51.dna.rocksdb,GCA_017937315.1 Oscillospiraceae bacterium,9427fde56cf07238542891309b409c5a,0.008403361344537815,10000,293,9880000,outputs.mapping/bams.cds.rand/SRR8960968.x.s__Mogibacterium_A kristiansenii.fastq.gz,SRR8960968.x.s__Mogibacterium_A kristiansenii,d69f9a74,16660000,51,DNA,10000,1666,True,0.8646292073840568,0.9105483270059616,0.8875887671950091,0.9105483270059616,True,2,10260,11764,d__Bacteria;p__Bacillota;c__Clostridia;o__Oscillospirales;f__Oscillospiraceae;g__Vescimonas;s__Vescimonas sp004555205
30000,0.001800720288115246,0.004651162790697674,0.0006002400960384153,0.00017001020061203673,2.0,2.0,0.0,/group/ctbrowngrp5/sourmash-db.new/gtdb-rs226/gtdb-rs226-k51.dna.rocksdb,GCF_027155375.1 Lactobacillus crispatus,5f6a520c6d0794fefcb6d81a04fe9b69,0.013953488372093023,10000,294,9870000,outputs.mapping/bams.cds.rand/SRR8960968.x.s__Mogibacterium_A kristiansenii.fastq.gz,SRR8960968.x.s__Mogibacterium_A kristiansenii,d69f9a74,16660000,51,DNA,10000,1666,True,0.8834566024074313,0.9196471541729452,0.9015518782901882,0.9196471541729452,True,2,10262,11764,d__Bacteria;p__Bacillota;c__Bacilli;o__Lactobacillales;f__Lactobacillaceae;g__Lactobacillus;s__Lactobacillus crispatus
10000,0.0006002400960384153,0.00625,0.0006002400960384153,0.00017001020061203673,2.0,2.0,0.0,/group/ctbrowngrp5/sourmash-db.new/gtdb-rs226/gtdb-rs226-k51.dna.rocksdb,GCA_946007325.1 uncultured Clostridia bacterium,806665ce895e899665f6fa79163f0f71,0.00625,10000,295,9860000,outputs.mapping/bams.cds.rand/SRR8960968.x.s__Mogibacterium_A kristiansenii.fastq.gz,SRR8960968.x.s__Mogibacterium_A kristiansenii,d69f9a74,16660000,51,DNA,10000,1666,True,0.8646292073840568,0.9052779891993,0.8849535982916784,0.9052779891993,True,2,10264,11764,d__Bacteria;p__Bacillota;c__Clostridia;o__Oscillospirales;f__Oscillospiraceae;g__Vescimonas;s__Vescimonas sp945878665
10000,0.0006002400960384153,0.007142857142857143,0.0006002400960384153,0.00017001020061203673,2.0,2.0,0.0,/group/ctbrowngrp5/sourmash-db.new/gtdb-rs226/gtdb-rs226-k51.dna.rocksdb,GCA_945949475.1 uncultured Phascolarctobacterium sp.,74363dd08844650db75a8cfe97a737d7,0.007142857142857143,10000,296,9850000,outputs.mapping/bams.cds.rand/SRR8960968.x.s__Mogibacterium_A kristiansenii.fastq.gz,SRR8960968.x.s__Mogibacterium_A kristiansenii,d69f9a74,16660000,51,DNA,10000,1666,True,0.8646292073840568,0.9076513503870351,0.8861402788855459,0.9076513503870351,True,2,10266,11764,d__Bacteria;p__Bacillota;c__Negativicutes;o__Acidaminococcales;f__Acidaminococcaceae;g__Phascolarctobacterium_A;s__Phascolarctobacterium_A sp945949475
10000,0.0006002400960384153,0.0040650406504065045,0.0006002400960384153,8.500510030601836e-05,1.0,1.0,0.0,/group/ctbrowngrp5/sourmash-db.new/gtdb-rs226/gtdb-rs226-k51.dna.rocksdb,GCA_036343235.1 Lachnospiraceae bacterium,d81c70681a0237820a118cf42c13e1d7,0.0040650406504065045,10000,297,9840000,outputs.mapping/bams.cds.rand/SRR8960968.x.s__Mogibacterium_A kristiansenii.fastq.gz,SRR8960968.x.s__Mogibacterium_A kristiansenii,d69f9a74,16660000,51,DNA,10000,1666,True,0.8646292073840568,0.8976745640706776,0.8811518857273672,0.8976745640706776,True,1,10267,11764,d__Bacteria;p__Bacillota;c__Clostridia;o__Lachnospirales;f__Lachnospiraceae;g__RUG306;s__RUG306 sp036343235
20000,0.0012004801920768306,0.003937007874015748,0.0006002400960384153,8.500510030601836e-05,1.0,1.0,0.0,/group/ctbrowngrp5/sourmash-db.new/gtdb-rs226/gtdb-rs226-k51.dna.rocksdb,GCA_030844605.1 Bacillota bacterium,763b0ba02ddff990769700f64d96252d,0.007874015748031496,10000,298,9830000,outputs.mapping/bams.cds.rand/SRR8960968.x.s__Mogibacterium_A kristiansenii.fastq.gz,SRR8960968.x.s__Mogibacterium_A kristiansenii,d69f9a74,16660000,51,DNA,10000,1666,True,0.8764607072739828,0.9093874295165494,0.8929240683952662,0.9093874295165494,True,1,10268,11764,d__Bacteria;p__Bacillota;c__Clostridia;o__Lachnospirales;f__Lachnospiraceae;g__Gallintestinimicrobium;s__Gallintestinimicrobium propionicum
10000,0.0006002400960384153,0.004878048780487805,0.0006002400960384153,0.0002550153009180551,3.0,3.0,0.0,/group/ctbrowngrp5/sourmash-db.new/gtdb-rs226/gtdb-rs226-k51.dna.rocksdb,GCA_037308855.1 bacterium,f73f0b434d325ae1cc83b8c515ae82fd,0.004878048780487805,10000,299,9820000,outputs.mapping/bams.cds.rand/SRR8960968.x.s__Mogibacterium_A kristiansenii.fastq.gz,SRR8960968.x.s__Mogibacterium_A kristiansenii,d69f9a74,16660000,51,DNA,10000,1666,True,0.8646292073840568,0.9008894330777228,0.8827593202308899,0.9008894330777228,True,3,10271,11764,d__Bacteria;p__Bacillota;c__Clostridia;o__Oscillospirales;f__Oscillospiraceae;g__Limivicinus;s__Limivicinus sp900547315
30000,0.001800720288115246,0.003436426116838488,0.0006002400960384153,0.0005100306018361102,6.0,6.0,0.0,/group/ctbrowngrp5/sourmash-db.new/gtdb-rs226/gtdb-rs226-k51.dna.rocksdb,GCA_019418285.1 Oscillospiraceae bacterium,0c62e98d1053433823091a402b9c1d57,0.010309278350515464,10000,300,9810000,outputs.mapping/bams.cds.rand/SRR8960968.x.s__Mogibacterium_A kristiansenii.fastq.gz,SRR8960968.x.s__Mogibacterium_A kristiansenii,d69f9a74,16660000,51,DNA,10000,1666,True,0.8834566024074313,0.9142052089616286,0.89883090568453,0.9142052089616286,True,6,10277,11764,d__Bacteria;p__Bacillota;c__Clostridia;o__Oscillospirales;f__Ruminococcaceae;g__Gemmiger;s__Gemmiger formicilis
